4.017,6.846,10.864
7.839,3.123,10.962
8.919,2.802,11.721
10.048,1.728,11.776
3.345,5.672,9.016
7.372,4.714,12.087
1.43,9.404,10.833
5.592,5.404,10.996
2.106,9.364,11.47
10.535,0.799,11.334
5.406,6.094,11.5
3.543,6.883,10.426
1.862,10.068,11.93
1.43,9.404,10.833
5.033,7.488,12.522
5.098,6.747,11.846
5.458,5.324,10.782
5.648,5.561,11.209
6.247,4.833,11.08
2.098,8.036,10.133
7.641,3.916,11.557
3.605,7.746,11.352
1.881,9.99,11.871
4.242,6.142,10.384
2.538,7.754,10.292
7.412,4.117,11.529
2.796,8.287,11.083
8.325,3.013,11.338
3.121,7.637,10.758
4.429,6.746,11.175
1.051,9.846,10.898
1.647,8.723,10.371
6.241,4.177,10.418
3.605,7.746,11.352
3.323,7.773,11.097
3.543,6.883,10.426
3.426,6.27,9.696
7.707,2.266,9.974
6.24,4.963,11.202
6.884,4.098,10.982
5.865,6.024,11.89
5.845,5.427,11.272
3.125,7.842,10.967
7.204,3.519,10.723
3.084,7.167,10.25
9.465,1.532,10.997
8.69,3.181,11.871
2.958,8.438,11.396
7.329,3.244,10.573
7.209,3.987,11.195
3.906,6.113,10.019
2.528,8.89,11.418
3.869,7.371,11.241
1.81,10.576,12.386
8.086,3.659,11.746
10.093,1.749,11.842
5.422,5.848,11.27
9.386,1.565,10.952
5.553,5.349,10.903
3.827,7.418,11.244
1.883,9.907,11.79
5.479,5.923,11.402
9.864,1.329,11.193
3.065,7.488,10.553
4.963,6.514,11.477
1.955,8.685,10.64
2.575,8.756,11.331
8.339,2.923,11.262
7.03,4.276,11.306
3.605,7.746,11.352
0.37,11.033,11.403
7.609,2.973,10.582
2.627,7.201,9.828
4.024,6.487,10.511
2.988,8.117,11.105
5.219,5.313,10.532
1.222,8.914,10.136
10.847,1.163,12.011
6.23,4.244,10.474
10.211,0.933,11.144
8.566,2.361,10.927
2.775,7.756,10.531
3.02,7.077,10.097
10.275,0.592,10.867
4.509,6.868,11.377
7.913,2.811,10.725
2.88,7.32,10.2
5.592,5.404,10.996
1.929,8.762,10.691
3.792,8.085,11.877
6.844,4.867,11.711
6.923,4.246,11.17
9.728,2.259,11.987
7.453,4.475,11.928
4.245,6.003,10.248
2.978,7.467,10.445
2.107,8.719,10.826
3.529,8.192,11.722
4.685,6.08,10.765
6.118,6.229,12.348
4.247,5.92,10.167
3.827,7.418,11.244
2.923,7.357,10.279
2.917,8.207,11.124
6.624,5.661,12.284
3.458,7.128,10.587
9.616,0.752,10.368
4.477,6.537,11.014
6.504,5.317,11.821
4.567,7.078,11.645
2.674,7.922,10.596
3.153,7.968,11.121
8.367,3.285,11.652
5.219,6.323,11.542
2.898,7.79,10.688
6.941,4.227,11.168
7.5075,3.8674999999999997,11.375
3.113,6.852,9.965
0.438,11.761,12.199
4.668,6.019,10.688
1.403,8.566,9.969
9.799,2.591,12.391
5.134,7.1,12.234
6.333,4.008,10.341
9.513,1.517,11.03
5.338,5.1,10.438
7.573,3.784,11.356
3.458,7.128,10.587
7.075,5.034,12.109
1.494,9.492,10.986
2.983,7.837,10.82
6.714,3.578,10.292
1.399,10.534,11.932
7.132,3.908,11.04
9.909,1.639,11.548
3.905,6.538,10.442
10.909,1.722,12.631
8.033,3.161,11.194
7.366,2.459,9.825
3.044,7.472,10.516
8.651,2.382,11.033
3.002,8.081,11.084
5.956,6.331,12.286
7.058,3.411,10.469
5.769,5.19,10.959
5.152,6.592,11.743
4.513,7.034,11.547
4.578,5.002,9.579
6.537,4.984,11.521
5.797,5.524,11.321
8.531,1.22,9.751
1.978,9.013,10.991
8.535,1.595,10.131
8.833,2.338,11.172
10.187,1.217,11.404
6.997,3.782,10.779
6.284,5.339,11.623
3.234,7.798,11.032
8.075,4.636,12.71
8.433,0.986,9.419
8.391,3.231,11.622
9.498,2.283,11.781
2.887,8.495,11.381
6.13,5.869,11.999
6.489,4.054,10.543
4.253,6.958,11.211
2.179,7.73,9.909
6.897,4.386,11.282
9.416,1.417,10.833
3.171,8.233,11.404
1.894,8.406,10.3
8.833,2.338,11.172
7.05,5.007,12.057
4.182,7.838,12.02
4.685,6.08,10.765
6.247,4.833,11.08
3.288,9.273,12.561
2.938,7.462,10.4
4.544,6.936,11.48
3.911,6.102,10.013
7.579,3.52,11.099
3.62,6.249,9.869
6.72,3.615,10.334
6.364,5.506,11.87
7.984,3.28,11.264
6.048,4.989,11.037
7.358,4.409,11.768
5.958,5.271,11.229
6.492,4.447,10.939
7.848,1.861,9.709
5.364,5.227,10.591
5.989,5.404,11.393
6.809,4.366,11.175
9.845,1.56,11.405
2.098,8.036,10.133
4.935,6.05,10.984
7.411,4.389,11.801
4.737,6.455,11.193
3.975,6.79,10.766
2.661,8.331,10.991
5.648,5.428,11.077
3.327,7.95,11.277
1.267,9.535,10.802
9.427,1.57,10.997
6.202,4.198,10.399
4.522,7.153,11.676
1.632,9.762,11.394
5.318,6.421,11.739
6.202,5.778,11.98
8.296,2.606,10.902
2.854,9.147,12.001
10.229,1.095,11.324
1.929,8.762,10.691
1.169,8.5,9.669
4.996,5.539,10.535
3.461,6.447,9.908
7.325,3.085,10.41
1.21,9.656,10.866
4.75,6.09,10.84
2.268,8.884,11.152
8.437,2.226,10.663
5.991,5.185,11.176
4.258,6.929,11.187
6.602,4.382,10.984
6.72,3.615,10.334
3.409,6.392,9.802
3.069,7.361,10.43
3.794,6.341,10.135
4.034,7.64,11.675
3.567,6.595,10.163
5.978,4.8,10.777
5.663,5.236,10.899
5.76,4.908,10.668
7.423,2.915,10.338
5.402,6.886,12.288
8.1,1.88,9.98
2.792,8.501,11.293
2.268,8.884,11.152
3.272,6.463,9.735
1.487,9.96,11.447
7.157,3.931,11.088
4.203,7.075,11.278
10.323,0.427,10.75
4.544,6.936,11.48
7.572,5.424,12.995
9.154,0.878,10.032
9.587,1.932,11.519
4.197,7.061,11.259
4.561,7.086,11.646
9.156,1.234,10.39
0.977,9.005,9.983
6.602,4.382,10.984
7.727,4.928,12.655
3.642,7.211,10.852
2.917,8.207,11.124
2.898,8.012,10.91
4.641,6.377,11.018
3.576,7.57,11.146
4.428,7.717,12.144
1.121,10.622,11.743
7.207,4.305,11.512
9.324,1.782,11.106
1.677,8.95,10.628
7.313,5.365,12.678
3.911,6.102,10.013
6.294,5.271,11.565
8.305,1.789,10.095
9.977,1.415,11.392
5.716,5.792,11.508
9.516,2.499,12.016
2.774,8.455,11.229
6.797,3.667,10.464
5.072,6.636,11.708
3.928,5.888,9.815
10.118,1.037,11.155
6.001,4.579,10.58
9.14,2.665,11.806
5.895,6.347,12.242
5.004,7.247,12.251
6.202,5.778,11.98
1.824,8.601,10.426
10.323,0.427,10.75
4.215,6.518,10.733
8.185,2.188,10.372
4.451,5.879,10.331
7.311,4.37,11.68
8.65,2.124,10.774
4.546,5.812,10.358
5.197,4.78,9.977
6.346,5.079,11.425
3.957,7.272,11.229
7.066,4.453,11.518
0.983,10.62,11.603
1.768,9.137,10.905
6.24,4.95,11.191
6.835,4.05,10.885
2.167,8.482,10.648
5.141,5.186,10.327
2.18,8.889,11.069
1.14,8.695,9.835
4.305,7.38,11.685
7.102,3.963,11.064
4.039,7.38,11.419
7.585,4.463,12.047
7.716,3.927,11.643
3.909,7.598,11.507
3.139,8.386,11.525
5.986,5.404,11.39
6.099,3.455,9.555
3.164,8.387,11.551
3.88,7.103,10.983
5.699,5.669,11.367
6.579,4.482,11.061
3.883,6.714,10.597
6.72,3.615,10.334
0.123,10.01,10.133
5.286,6.336,11.622
6.38,5.393,11.773
9.269,2.497,11.766
1.403,8.566,9.969
5.599,5.118,10.717
6.311,4.729,11.039
10.368,1.754,12.122
6.202,4.198,10.399
5.321,4.285,9.606
5.953,5.3,11.253
1.712,10.022,11.734
3.153,7.968,11.121
4.564,5.982,10.546
9.977,1.892,11.869
4.996,5.539,10.535
6.781,4.097,10.878
8.509,2.762,11.271
6.8735,4.0855,10.959
10.955,1.48,12.436
8.226,4.556,12.782
10.955,1.48,12.436
6.947,4.857,11.805
8.065,3.666,11.731
3.766,6.238,10.003
8.606,3.181,11.786
4.032,7.655,11.687
5.388,5.626,11.013
5.945,4.956,10.901
6.897,4.386,11.282
2.408,7.323,9.731
5.692,4.073,9.766
8.065,3.666,11.731
2.818,8.251,11.069
4.223,5.981,10.204
6.866,3.732,10.598
6.435,5.254,11.689
3.33,6.497,9.827
6.862,3.306,10.168
4.662,6.744,11.406
10.125,1.591,11.716
2.728,7.817,10.546
2.603,8.35,10.953
7.282,3.135,10.417
9.027,2.246,11.273
6.492,4.447,10.939
4.059,6.67,10.729
5.013,6.158,11.171
7.95,4.291,12.241
4.672,6.679,11.351
3.268,7.487,10.755
1.389,8.336,9.725
9.064,2.787,11.851
2.378,7.724,10.102
4.254,6.168,10.423
9.616,0.752,10.368
6.116,4.502,10.618
4.3,6.204,10.504
5.796,5.628,11.424
6.537,4.984,11.521
8.566,2.361,10.927
10.909,1.722,12.631
1.647,8.723,10.371
5.603,6.079,11.682
6.99,3.929,10.919
7.692,2.827,10.518
6.733,4.389,11.122
6.101,4.134,10.235
3.426,7.827,11.253
2.239,9.066,11.305
6.517,4.605,11.122
6.948,3.493,10.442
5.141,5.186,10.327
7.999,2.305,10.304
3.446,6.463,9.908
6.26,5.455,11.716
4.509,6.868,11.377
7.885,2.777,10.662
5.111,5.82,10.932
6.338,5.301,11.639
5.068,5.973,11.041
5.502,6.021,11.523
4.884,5.907,10.791
4.436,5.36,9.796
4.3,6.204,10.504
6.409,4.133,10.542
8.554,1.69,10.245
6.938,4.062,11.0
4.977,5.256,10.233
6.204,4.563,10.767
6.24,4.95,11.191
6.513,4.091,10.604
8.809,1.551,10.36
6.447,4.721,11.168
6.315,5.111,11.425
7.428,3.963,11.391
6.253,3.574,9.827
9.436,1.879,11.315
6.073,3.628,9.701
8.65,2.124,10.774
6.223,4.192,10.415
5.111,5.82,10.932
6.735,3.44,10.174
4.288,7.08,11.368
3.593,7.572,11.165
3.171,8.233,11.404
1.658,9.302,10.96
9.14,2.665,11.806
5.663,5.236,10.899
1.222,8.914,10.136
9.239,4.106,13.345
4.575,6.621,11.196
6.373,4.059,10.432
4.683,6.62,11.303
2.193,7.978,10.171
10.093,1.749,11.842
8.694,1.879,10.573
8.382,2.421,10.803
3.236,9.032,12.268
10.001,2.316,12.317
6.28,5.312,11.592
5.978,4.8,10.777
6.152,4.212,10.364
8.554,1.69,10.245
4.851,4.672,9.523
6.537,4.984,11.521
0.582,10.206,10.788
7.61,2.89,10.5
9.416,1.417,10.833
7.69,4.267,11.957
6.144,4.287,10.431
10.01,2.479,12.489
3.795,7.324,11.119
4.293,6.224,10.517
7.03,4.031,11.061
8.975,2.44,11.415
5.07,5.097,10.166
8.907,2.038,10.945
9.896,1.422,11.319
4.0925,6.095,10.188
1.695,8.762,10.457
1.101,9.515,10.616
9.227,1.831,11.058
3.284,7.288,10.572
2.321,8.688,11.009
3.998,7.86,11.858
3.097,6.422,9.519
5.692,4.419,10.111
3.268,7.487,10.755
6.808,4.023,10.831
7.874,3.478,11.352
1.513,9.091,10.604
5.767,5.769,11.536
8.075,4.636,12.71
8.617,2.418,11.036
5.19,6.615,11.805
7.24,4.823,12.064
5.092,5.631,10.724
6.579,4.482,11.061
5.265,5.832,11.097
11.189,1.216,12.405
3.793,7.808,11.601
8.065,3.666,11.731
3.302,6.875,10.176
6.489,4.054,10.543
1.071,10.94,12.011
4.685,6.08,10.765
4.684,6.028,10.711
8.368,3.222,11.59
4.763,5.724,10.487
8.382,2.421,10.803
3.352,6.63,9.981
8.755,2.064,10.819
3.722,7.017,10.739
6.73,2.916,9.646
5.998,6.375,12.373
4.299,6.524,10.823
8.367,3.285,11.652
0.538,11.58,12.117
6.119,3.54,9.659
5.891,5.963,11.854
4.012,8.254,12.266
7.501,2.251,9.753
4.893,4.832,9.724
4.682,7.149,11.831
4.99,5.732,10.722
3.263,8.872,12.135
7.62,4.626,12.246
7.261,3.431,10.692
3.869,7.371,11.241
2.775,7.756,10.531
4.969,6.113,11.082
6.941,4.227,11.168
9.642,1.32,10.962
4.405,5.061,9.467
6.835,4.05,10.885
6.1425,4.939,11.081
5.721,6.8,12.522
8.865,2.512,11.377
8.833,2.338,11.172
6.333,4.008,10.341
4.843,4.909,9.752
7.421,4.462,11.883
8.367,3.285,11.652
5.002,6.057,11.059
3.426,7.827,11.253
4.836,6.614,11.451
6.057,4.653,10.71
3.869,7.371,11.241
2.106,9.364,11.47
6.897,5.373,12.27
5.986,5.404,11.39
5.271,5.865,11.136
3.108,7.843,10.951
2.917,8.207,11.124
4.201,7.646,11.847
6.409,4.133,10.542
4.465,8.178,12.643
8.608,1.084,9.692
5.149,7.333,12.483
5.771,6.328,12.099
5.227,4.727,9.954
2.448,9.21,11.658
6.347,6.316,12.663
9.299,1.446,10.745
3.323,7.773,11.097
8.731,2.136,10.866
5.895,6.347,12.242
8.833,2.338,11.172
3.108,7.843,10.951
6.492,4.447,10.939
6.715,4.54,11.254
6.772,3.515,10.288
3.54,7.471,11.011
10.187,1.217,11.404
5.553,5.349,10.903
5.986,5.404,11.39
4.234,5.991,10.226
9.228,2.199,11.426
5.138,5.239,10.376
7.301,2.964,10.265
4.666,6.644,11.31
8.311,2.788,11.099
5.777,4.724,10.501
5.291,6.216,11.507
9.93,1.158,11.088
6.447,4.721,11.168
8.961,1.253,10.214
3.639,8.605,12.243
5.698,7.132,12.831
9.154,2.205,11.358
5.33,5.789,11.119
9.804,2.577,12.381
9.156,1.234,10.39
9.155,2.358,11.513
4.303,7.355,11.658
8.033,3.161,11.194
0.123,10.01,10.133
9.227,1.831,11.058
7.18,3.272,10.452
0.833,8.915,9.748
4.685,6.08,10.765
7.996,4.557,12.553
9.909,1.639,11.548
3.426,7.827,11.253
5.072,6.636,11.708
5.318,6.421,11.739
6.26,5.455,11.716
6.909,4.163,11.072
4.166,6.415,10.58
4.565,5.112,9.677
6.054,5.367,11.421
4.908,7.514,12.422
8.013,3.224,11.237
4.667,6.791,11.458
3.921,6.184,10.104
6.822,3.99,10.812
9.33,0.676,10.006
1.121,10.622,11.743
3.745,6.155,9.901
5.553,5.349,10.903
4.199,7.297,11.496
8.992,1.817,10.808
6.065,5.343,11.408
2.464,8.185,10.649
8.044,3.453,11.497
2.436,7.82,10.256
3.19,8.238,11.427
7.839,3.123,10.962
3.794,7.254,11.048
5.193,6.178,11.371
2.851,11.084,13.934
5.13,5.68,10.81
6.992,3.86,10.852
2.334,8.962,11.296
8.501,2.83,11.33
3.461,8.378,11.839
8.159,2.434,10.593
4.814,5.446,10.26
6.844,4.867,11.711
3.563,7.975,11.538
4.255,7.457,11.712
5.177,5.998,11.175
8.366,1.846,10.212
8.198,3.213,11.41
0.861,9.119,9.979
2.018,9.926,11.944
6.529,4.895,11.424
9.154,2.205,11.358
4.393,6.764,11.157
7.875,3.308,11.184
8.278,2.818,11.096
4.477,6.537,11.014
7.559,2.375,9.935
3.646,6.8995,10.546
7.826,1.944,9.77
5.713,4.255,9.968
7.42,4.407,11.826
7.32,3.469,10.789
10.229,1.095,11.324
7.638,2.382,10.02
4.99,5.732,10.722
7.885,2.777,10.662
2.845,7.28,10.125
4.036,6.661,10.697
7.127,2.917,10.044
3.946,6.63,10.576
6.948,3.584,10.532
2.444,9.357,11.802
6.668,3.903,10.57
10.386,1.698,12.084
5.045,5.459,10.504
8.525,2.399,10.925
1.933,9.277,11.21
2.128,8.88,11.008
6.941,4.227,11.168
4.12,6.935,11.056
3.545,8.079,11.624
4.443,5.455,9.897
5.505,6.042,11.546
1.505,9.125,10.63
5.343,4.498,9.842
8.325,3.013,11.338
4.496,6.665,11.161
9.977,1.892,11.869
5.104,6.816,11.92
4.733,7.187,11.92
9.858,1.764,11.622
4.795,4.831,9.626
6.405,4.478,10.883
2.91,7.588,10.498
1.736,8.834,10.57
2.569,9.306,11.875
2.621,8.033,10.654
6.948,3.584,10.532
3.62,6.249,9.869
6.819,4.264,11.083
1.955,8.685,10.64
4.33,5.805,10.135
8.983,2.125,11.108
3.323,7.773,11.097
6.819,4.264,11.083
4.99,5.732,10.722
5.402,6.886,12.288
9.845,1.56,11.405
6.504,5.317,11.821
5.256,6.266,11.522
6.185,4.034,10.219
3.275,8.745,12.021
7.639,4.162,11.801
3.19,8.238,11.427
9.066,0.653,9.72
8.128,3.12,11.248
8.151,2.429,10.58
8.971,1.711,10.682
7.776,2.972,10.748
5.771,4.478,10.249
3.754,7.548,11.302
0.189,9.83,10.019
6.206,5.223,11.43
2.603,8.35,10.953
4.59,6.949,11.539
4.925,6.887,11.812
0.123,10.01,10.133
5.978,4.8,10.777
2.59,7.236,9.826
7.913,2.811,10.725
7.641,3.916,11.557
6.071,4.316,10.387
3.171,8.233,11.404
5.458,5.324,10.782
6.24,4.95,11.191
6.948,3.584,10.532
6.99,3.929,10.919
1.824,8.601,10.426
3.936,8.346,12.283
1.927,9.554,11.481
9.825,2.984,12.81
6.096,5.747,11.843
3.637,8.219,11.857
3.593,7.572,11.165
1.457,8.731,10.188
6.617,4.308,10.925
2.239,9.066,11.305
5.653,4.502,10.155
8.065,3.666,11.731
2.703,8.4,11.103
7.523,4.224,11.747
5.288,5.941,11.228
5.138,5.239,10.376
6.835,4.05,10.885
6.468,4.976,11.444
8.492,1.635,10.126
4.254,6.168,10.423
2.569,9.306,11.875
1.99,9.33,11.32
2.88,7.32,10.2
7.143,4.017,11.16
3.936,6.57,10.505
3.545,8.079,11.624
3.544,5.867,9.411
6.24,4.95,11.191
1.194,9.369,10.563
7.547,4.588,12.135
7.127,2.917,10.044
8.367,3.285,11.652
10.672,1.511,12.183
5.757,5.033,10.79
7.454,2.79,10.243
3.164,8.387,11.551
6.637,5.619,12.255
6.728,4.046,10.774
1.845,10.286,12.132
3.234,7.798,11.032
3.872,8.074,11.946
8.493,2.878,11.371
7.914,2.146,10.06
6.443,4.209,10.652
6.43,4.566,10.996
6.071,6.186,12.256
6.109,3.788,9.897
2.661,8.331,10.991
5.271,5.865,11.136
4.948,6.542,11.49
8.765,1.577,10.342
6.665,3.488,10.153
1.932,9.746,11.678
3.549,7.579,11.128
9.289,2.281,11.57
4.459,5.934,10.392
5.437,7.458,12.894
4.59,6.949,11.539
7.571,3.901,11.472
5.402,4.527,9.929
4.333,4.68,9.012
6.537,4.984,11.521
6.24,4.95,11.191
8.065,3.666,11.731
9.984,1.129,11.113
6.32,4.888,11.208
1.929,8.762,10.691
4.381,7.011,11.392
3.327,7.95,11.277
3.594,7.487,11.081
9.243,2.39,11.633
7.5,4.105,11.605
8.441,3.572,12.013
1.25,9.396,10.646
0.801,9.975,10.775
7.889,3.287,11.176
4.513,7.034,11.547
7.329,3.244,10.573
4.159,5.544,9.703
8.179,2.198,10.377
2.193,7.978,10.171
8.237,3.692,11.929
9.474,2.385,11.859
2.796,8.287,11.083
6.202,4.198,10.399
6.974,5.842,12.816
6.68,3.875,10.555
5.955,4.2,10.155
4.926,5.248,10.174
6.101,4.134,10.235
2.02,8.706,10.726
1.982,6.759,8.742
4.983,6.953,11.936
4.854,5.388,10.242
6.602,4.382,10.984
6.206,5.223,11.43
1.434,9.246,10.68
6.834,2.594,9.428
2.983,7.837,10.82
9.249,2.496,11.745
6.782,4.513,11.295
3.153,7.968,11.121
7.889,3.287,11.176
2.466,8.362,10.828
2.266,9.049,11.314
6.202,5.902,12.104
9.029,1.824,10.853
3.563,7.975,11.538
5.265,5.832,11.097
8.856,1.065,9.921
7.139,3.179,10.317
5.761,5.472,11.233
1.438,8.952,10.39
4.304,8.24,12.543
6.876,5.085,11.961
9.549,2.633,12.182
0.486,11.525,12.012
3.887,6.291,10.177
8.825,1.176,10.001
3.529,6.899,10.428
10.436,1.394,11.831
5.738,5.422,11.16
0.952,10.313,11.265
3.545,8.079,11.624
5.983,4.444,10.427
5.592,5.093,10.686
4.899,5.145,10.043
1.88,8.363,10.243
3.458,7.128,10.587
1.974,7.056,9.03
4.849,6.681,11.529
9.984,1.129,11.113
10.535,0.799,11.334
6.225,5.222,11.447
8.22,1.461,9.68
6.606,4.569,11.175
6.861,2.889,9.75
6.096,5.747,11.843
4.683,6.62,11.303
2.575,8.756,11.331
2.853,9.005,11.858
5.777,4.724,10.501
7.899,3.29,11.189
3.012,8.404,11.416
2.802,8.508,11.31
3.364,6.625,9.99
7.874,3.478,11.352
7.512,4.595,12.107
3.838,8.489,12.328
7.204,3.519,10.723
5.698,5.721,11.419
9.269,2.497,11.766
10.504,1.709,12.213
4.277,6.867,11.143
3.526,7.164,10.689
4.017,6.846,10.864
7.889,3.287,11.176
6.43,4.566,10.996
3.031,7.569,10.6
6.537,4.984,11.521
5.698,5.721,11.419
9.474,2.385,11.859
5.909,5.651,11.561
5.891,5.963,11.854
4.666,6.644,11.31
4.096,7.866,11.962
3.652,7.3,10.952
2.38,9.063,11.443
0.189,9.83,10.019
2.153,10.213,12.366
1.693,9.345,11.038
3.652,7.3,10.952
9.909,1.639,11.548
5.092,5.631,10.724
1.133,9.163,10.296
0.932,9.773,10.706
10.797,0.792,11.589
8.307500000000001,3.0109999999999997,11.319
2.674,7.922,10.596
1.978,9.013,10.991
10.093,1.749,11.842
5.437,7.458,12.894
4.223,5.981,10.204
6.769,2.801,9.57
4.292,7.969,12.261
10.258,0.659,10.916
5.989,5.404,11.393
0.947,10.461,11.408
9.853,1.185,11.039
5.633,4.241,9.874
5.257,5.857,11.115
5.784,6.877,12.661
6.031,4.739,10.77
8.478,4.442,12.92
3.085,8.043,11.128
3.594,7.487,11.081
9.436,1.879,11.315
3.727,6.984,10.71
3.593,7.572,11.165
6.001,4.579,10.58
3.296,8.874,12.17
4.672,6.679,11.351
7.982,3.088,11.07
5.422,5.848,11.27
6.756,4.209,10.965
9.769,1.564,11.333
3.416,7.695,11.111
1.927,9.554,11.481
2.436,7.82,10.256
4.358,6.666,11.024
10.402,1.49,11.891
5.434,4.838,10.272
5.684,4.36,10.044
1.259,8.608,9.867
6.81,2.761,9.571
6.851,4.697,11.547
9.33,0.676,10.006
2.603,8.35,10.953
6.617,4.308,10.925
8.975,2.44,11.415
7.102,4.816,11.918
3.133,7.77,10.903
6.489,4.054,10.543
6.409,4.133,10.542
4.597,7.394,11.991
6.133,5.915,12.048
5.072,6.636,11.708
10.118,2.886,13.004
1.294,10.218,11.512
4.548,7.33,11.878
4.837,5.194,10.031
3.989,8.553,12.542
4.197,7.061,11.259
8.076,3.441,11.517
4.288,7.08,11.368
4.836,6.614,11.451
7.165,3.127,10.291
1.514,9.636,11.15
2.538,7.754,10.292
6.447,4.721,11.168
7.457,2.546,10.002
4.266,5.715,9.981
6.884,4.098,10.982
2.334,8.962,11.296
8.732,2.624,11.356
6.065,5.343,11.408
5.352,5.736,11.087
7.513,4.767,12.28
5.847,6.07,11.917
1.943,10.956,12.899
10.294,1.829,12.123
7.568,3.194,10.762
8.821,3.25,12.071
2.938,7.462,10.4
3.356,8.048,11.405
6.992,3.86,10.852
4.509,6.868,11.377
1.632,9.762,11.394
8.365,3.094,11.46
4.682,7.149,11.831
1.972,8.069,10.041
2.187,8.68,10.867
5.256,6.266,11.522
0.617,10.333,10.95
8.678,4.197,12.875
11.921,0.432,12.353
2.774,8.455,11.229
7.49,5.11,12.6
1.133,9.163,10.296
7.411,4.389,11.801
4.104,8.939,13.042
7.966,3.27,11.236
1.443,10.321,11.764
1.409,9.089,10.499
3.929,7.446,11.375
9.249,2.496,11.745
5.553,5.349,10.903
6.206,5.223,11.43
4.943,6.407,11.35
9.129,1.886,11.015
6.258,4.386,10.643
9.93,1.158,11.088
7.75,3.197,10.947
9.482,1.685,11.167
6.352,5.622,11.974
3.025,6.473,9.498
8.537,3.919,12.456
4.729,7.192,11.921
5.545,5.321,10.865
1.254,9.083,10.337
2.0,10.229,12.228
7.875,2.336,10.211
7.655,2.471,10.126
10.643,1.447,12.09
4.75,6.09,10.84
7.306,2.49,9.796
2.107,8.719,10.826
5.113,7.262,12.375
9.864,1.329,11.193
4.75,6.09,10.84
9.895,0.85,10.746
3.771,7.437,11.208
3.099,8.097,11.196
6.481,6.494,12.975
5.079,6.247,11.326
1.187,9.668,10.854
6.911,4.764,11.675
10.535,0.799,11.334
6.135,5.243,11.377
2.017,8.173,10.189
9.766,1.146,10.912
9.123,2.903,12.027
3.883,6.714,10.597
10.211,0.933,11.144
2.362,7.802,10.164
9.482,1.685,11.167
4.544,6.936,11.48
9.642,1.32,10.962
5.217,5.035,10.252
0.319,10.301,10.62
3.567,6.595,10.163
5.945,4.956,10.901
3.039,7.252,10.291
5.193,6.178,11.371
6.247,4.833,11.08
9.977,1.415,11.392
9.896,1.422,11.319
4.265,6.991,11.257
6.261,3.97,10.23
4.428,7.717,12.144
4.258,6.929,11.187
0.61,10.891,11.501
3.88,7.103,10.983
6.897,4.386,11.282
5.153,6.2,11.353
4.496,6.665,11.161
2.923,7.357,10.279
4.683,6.62,11.303
1.051,9.846,10.898
6.714,3.578,10.292
9.289,2.281,11.57
7.984,3.28,11.264
2.674,7.922,10.596
2.854,9.147,12.001
2.569,9.306,11.875
6.938,4.062,11.0
9.858,1.764,11.622
5.013,6.158,11.171
5.181,6.002,11.183
5.217,5.035,10.252
7.751,4.106,11.857
1.25,9.396,10.646
7.03,4.031,11.061
5.545,5.4,10.944
7.33,3.299,10.629
1.99,9.33,11.32
5.7684999999999995,5.215999999999999,10.984
4.868,6.611,11.478
9.172,3.638,12.81
3.792,8.085,11.877
6.761,5.152,11.913
7.132,3.908,11.04
6.997,3.782,10.779
5.388,5.626,11.013
3.234,7.798,11.032
11.131,1.653,12.784
8.492,1.635,10.126
6.938,4.062,11.0
9.947,2.196,12.143
7.984,3.28,11.264
10.492,0.879,11.37
8.865,2.512,11.377
1.957,10.077,12.033
4.662,6.744,11.406
4.583,6.795,11.378
2.18,8.889,11.069
6.247,4.833,11.08
3.576,7.57,11.146
8.024,3.631,11.655
8.437,2.226,10.663
5.65,7.143,12.793
6.405,4.478,10.883
4.413,7.73,12.143
5.769,5.19,10.959
6.158,3.702,9.859
8.142,2.565,10.706
3.727,6.984,10.71
6.977,2.146,9.123
4.12,6.935,11.056
9.242,1.033,10.275
6.66,3.284,9.944
2.448,9.21,11.658
5.288,5.941,11.228
6.28,5.312,11.592
10.873,0.663,11.536
6.284,5.339,11.623
4.392,7.984,12.376
6.45,4.383,10.833
7.311,4.37,11.68
2.179,7.73,9.909
5.247,5.376,10.623
5.322,6.015,11.337
2.997,8.63,11.627
2.815,7.552,10.367
4.094,8.164,12.258
0.61,10.891,11.501
6.568,5.904,12.472
3.133,7.77,10.903
3.208,6.569,9.777
4.393,6.764,11.157
7.889,3.287,11.176
2.661,8.331,10.991
8.267,0.863,9.13
2.096,9.617,11.713
1.486,10.937,12.423
4.926,5.248,10.174
8.296,2.606,10.902
2.614,7.561,10.175
3.108,7.843,10.951
8.298,3.183,11.481
8.024,3.631,11.655
3.526,7.839,11.365
3.75,7.721,11.471
9.228,2.199,11.426
6.544,3.144,9.688
4.886,7.329,12.215
8.556,1.682,10.238
4.737,6.455,11.193
3.284,7.288,10.572
4.3,6.204,10.504
1.956,9.726,11.682
2.684,8.142,10.826
1.927,9.554,11.481
7.885,2.777,10.662
7.716,3.927,11.643
5.986,5.404,11.39
8.691,2.391,11.081
7.421,4.462,11.883
5.797,5.524,11.321
5.33,5.462,10.792
2.001,9.87,11.87
6.66,3.284,9.944
8.779,2.217,10.996
2.446,10.358,12.804
2.528,8.89,11.418
8.209,2.237,10.446
9.482,1.685,11.167
2.728,7.817,10.546
5.737,5.743,11.48
4.322,7.533,11.856
3.586,6.624,10.21
3.844,7.129,10.973
1.932,9.746,11.678
9.833,2.409,12.242
3.108,7.843,10.951
8.833,2.338,11.172
4.564,5.982,10.546
6.158,3.702,9.859
8.024,3.631,11.655
6.155,4.451,10.606
1.955,8.685,10.64
5.983,4.444,10.427
8.551,2.12,10.671
6.057,4.653,10.71
5.242,5.71,10.953
4.672,6.679,11.351
3.001,6.644,9.645
2.946,8.159,11.105
6.006,5.298,11.304
4.643,6.741,11.384
4.821,6.089,10.91
4.884,5.907,10.791
8.911,3.181,12.092
3.859,7.751,11.61
4.255,7.457,11.712
3.827,7.418,11.244
6.772,3.515,10.288
9.474,2.385,11.859
2.563,8.755,11.319
4.575,6.621,11.196
5.125,5.642,10.766
6.72,3.615,10.334
5.953,5.3,11.253
4.292,7.969,12.261
7.966,3.27,11.236
4.101,6.866,10.966
8.142,2.565,10.706
7.015,2.733,9.748
3.727,6.984,10.71
7.423,2.915,10.338
4.922,5.552,10.474
10.346,1.989,12.335
7.258,2.04,9.298
3.418,8.028,11.446
2.563,8.755,11.319
8.911,3.181,12.092
4.199,6.374,10.574
5.653,4.502,10.155
0.801,9.975,10.775
10.511,1.125,11.636
6.592,4.344,10.937
4.836,6.614,11.451
6.46,3.308,9.767
8.732,2.624,11.356
6.048,4.989,11.037
4.764,6.615,11.379
7.733,2.778,10.51
4.006,6.993,11.0
3.794,6.341,10.135
2.898,8.012,10.91
4.666,6.072,10.739
6.529,4.895,11.424
5.791,5.387,11.178
4.433,6.161,10.594
3.794,7.254,11.048
8.024,3.631,11.655
6.233,3.909,10.143
4.277,6.867,11.143
4.29,5.353,9.643
8.334,3.135,11.469
8.556,1.682,10.238
1.404,8.466,9.87
2.881,8.917,11.798
9.267,3.253,12.519
5.767,5.769,11.536
2.239,9.066,11.305
5.592,5.404,10.996
2.466,8.362,10.828
4.351,6.379,10.73
3.004,8.005,11.009
8.779,2.217,10.996
5.11,5.58,10.691
8.085,4.194,12.28
6.785,3.03,9.814
3.777,8.655,12.432
8.833,2.338,11.172
7.575,3.246,10.821
8.152,1.879,10.03
7.075,3.076,10.152
3.591,8.235,11.825
10.258,1.251,11.509
5.527,5.273,10.8
7.132,3.908,11.04
11.192,0.875,12.068
5.713,4.255,9.968
6.948,4.455,11.402
4.123,5.213,9.335
2.943,8.531,11.474
5.181,6.459,11.639
5.783,4.588,10.371
6.792,5.415,12.207
3.921,6.184,10.104
5.068,5.973,11.041
9.909,1.639,11.548
1.101,9.515,10.616
7.587,2.535,10.121
5.286,6.336,11.622
4.466,7.665,12.131
2.957,9.41,12.367
9.227,1.831,11.058
10.386,1.698,12.084
9.597,0.616,10.213
7.592,3.261,10.853
2.563,9.378,11.941
5.189,6.559,11.749
7.995,4.278,12.273
4.567,7.078,11.645
3.782,5.807,9.59
1.062,11.107,12.169
3.615,8.0,11.614
6.24,4.526,10.766
6.65,4.208,10.858
7.209,3.987,11.195
6.247,4.833,11.08
6.346,5.079,11.425
5.779,5.911,11.689
6.908,2.897,9.805
5.141,5.186,10.327
8.547,2.828,11.375
4.935,6.05,10.984
4.983,6.953,11.936
4.199,6.374,10.574
4.837,6.435,11.272
0.483,11.446,11.929
6.003,6.287,12.29
4.908,5.435,10.343
8.65,3.104,11.754
1.768,9.137,10.905
4.259,5.635,9.894
5.01,5.284,10.294
2.696,7.33,10.026
4.951,6.448,11.4
1.693,9.345,11.038
8.731,2.136,10.866
7.875,3.721,11.596
1.159,8.927,10.087
2.27,7.617,9.887
5.97,3.875,9.845
5.847,6.07,11.917
0.37,11.033,11.403
5.831,4.809,10.64
9.45,1.124,10.574
6.315,5.111,11.425
2.962,7.978,10.94
8.076,3.441,11.517
4.509,6.868,11.377
5.521,5.828,11.349
4.641,5.952999999999999,10.594
5.322,6.015,11.337
9.498,2.283,11.781
5.242,5.71,10.953
5.318,6.424,11.742
1.655,9.758,11.413
4.546,5.812,10.358
1.695,8.762,10.457
4.522,7.153,11.676
3.289,7.531,10.82
2.802,8.508,11.31
5.738,5.422,11.16
3.125,7.842,10.967
2.926,9.086,12.012
7.592,3.261,10.853
7.224,3.282,10.506
8.694,1.879,10.573
7.914,3.924,11.838
6.772,3.515,10.288
6.192,4.467,10.659
7.647,3.909,11.556
9.208,2.727,11.935
7.69,3.104,10.794
5.144,5.601,10.746
4.206,6.882,11.088
9.156,1.234,10.39
6.862,3.306,10.168
5.366,5.74,11.106
5.001,5.682,10.684
5.289,5.758,11.047
1.755,7.942,9.697
7.139,3.179,10.317
2.901,8.145,11.046
9.044,2.625,11.669
6.99,3.929,10.919
9.465,1.532,10.997
7.261,3.431,10.692
8.086,3.659,11.746
3.948,6.467,10.416
1.978,9.013,10.991
5.11,5.58,10.691
3.18,8.21,11.39
6.32,4.888,11.208
8.325,3.013,11.338
5.791,5.387,11.178
3.838,8.489,12.328
3.96,8.469,12.429
2.54,10.275,12.815
6.921,4.613,11.533
8.487,3.03,11.517
4.924,4.848,9.772
5.847,4.936,10.783
4.564,5.982,10.546
7.58,4.806,12.386
5.547,5.076,10.623
4.246,6.019,10.265
2.459,7.572,10.031
9.225,4.201,13.426
3.571,6.293,9.863
8.983,2.125,11.108
5.009,6.404,11.413
5.953,5.3,11.253
6.82,2.855,9.675
7.384,3.391,10.775
6.268,5.067,11.336
7.943,2.112,10.054
5.53,4.952,10.481
1.823,9.508,11.331
1.61,10.609,12.219
8.856,1.065,9.921
9.93,1.158,11.088
3.418,8.028,11.446
2.576,8.687,11.263
4.575,6.621,11.196
1.796,9.576,11.372
3.75,7.721,11.471
5.366,5.74,11.106
4.81,5.684,10.494
2.187,9.372,11.56
5.501,6.847,12.348
4.206,6.882,11.088
8.694,1.879,10.573
10.375,1.766,12.141
3.19,8.238,11.427
5.93,5.46,11.389
4.559,7.445,12.004
5.536,5.781,11.317
10.511,1.125,11.636
7.702,3.699,11.4
5.013,6.158,11.171
3.527,8.863,12.391
7.275,2.867,10.142
8.865,2.512,11.377
6.602,4.382,10.984
5.776,6.675,12.452
7.69,3.104,10.794
3.661,7.279,10.941
8.732,2.624,11.356
8.648,1.87,10.517
5.092,5.631,10.724
5.079,6.247,11.326
6.155,4.451,10.606
4.811,5.931,10.742
3.629,6.872,10.501
2.322,9.964,12.286
6.24,4.526,10.766
7.428,3.963,11.391
8.547,2.828,11.375
4.032,7.655,11.687
1.443,10.321,11.764
4.179,5.539,9.718
5.076,4.803,9.879
2.728,7.817,10.546
3.004,8.005,11.009
8.143,2.481,10.624
7.293,4.707,12.0
6.776,2.991,9.767
6.133,5.915,12.048
3.823,5.673,9.496
6.624,5.661,12.284
7.194,3.135,10.329
6.808,4.023,10.831
7.21,3.558,10.768
0.49,10.499,10.99
2.729,9.021,11.751
3.18,8.21,11.39
8.577,3.05,11.627
3.044,7.472,10.516
9.299,1.446,10.745
2.503,8.095,10.598
5.44,5.106,10.546
3.921,6.184,10.104
7.009,4.242,11.251
5.945,4.956,10.901
5.93,5.46,11.389
3.282,6.417,9.699
7.163,3.661,10.824
3.814,7.432,11.246
7.027,4.783,11.81
10.275,0.592,10.867
4.849,4.978,9.827
6.447,4.721,11.168
5.366,5.74,11.106
0.662,9.526,10.189
6.446,4.826,11.272
10.931,0.835,11.765
2.268,8.884,11.152
8.477,3.754,12.231
2.979,7.755,10.734
7.63,1.897,9.527
5.092,5.631,10.724
0.685,11.451,12.136
4.631,7.738,12.37
8.368,3.222,11.59
6.742,3.566,10.309
9.228,2.199,11.426
3.814,7.432,11.246
9.587,1.932,11.519
5.289,5.758,11.047
9.208,2.727,11.935
7.157,3.931,11.088
1.638,9.403,11.042
9.498,2.283,11.781
9.984,1.129,11.113
4.849,5.745,10.594
5.229,5.352,10.581
6.719,4.6,11.319
8.198,3.213,11.41
5.289,5.758,11.047
7.571,3.901,11.472
7.75,3.197,10.947
5.762,4.199,9.961
5.271,5.865,11.136
2.62,7.506,10.127
1.932,9.746,11.678
0.681,9.037,9.718
8.344,3.258,11.602
4.147,5.854,10.001
0.932,9.773,10.706
10.368,1.754,12.122
6.948,4.455,11.402
3.751,8.627,12.378
4.199,7.297,11.496
5.125,5.642,10.766
4.477,6.537,11.014
3.605,7.746,11.352
5.703,6.149,11.852
4.926,5.248,10.174
7.913,2.811,10.725
7.021,5.299,12.319
7.167,4.664,11.83
7.889,4.717,12.606
9.228,2.199,11.426
7.875,3.721,11.596
6.909,4.163,11.072
1.062,11.107,12.169
6.785,3.03,9.814
8.073,4.466,12.539
4.683,6.62,11.303
2.18,8.889,11.069
6.261,3.97,10.23
4.563,6.802,11.365
1.824,8.601,10.426
7.017,3.479,10.497
5.318,6.424,11.742
8.873,2.879,11.753
3.576,7.57,11.146
4.032,7.655,11.687
3.461,8.378,11.839
0.703,11.538,12.241
3.936,6.57,10.505
6.878,5.565,12.443
7.573,3.784,11.356
7.576,2.313,9.889
7.167,4.664,11.83
8.046,3.82,11.866
5.737,5.743,11.48
7.821,4.383,12.203
5.603,6.079,11.682
8.013,3.224,11.237
2.096,9.617,11.713
9.858,1.764,11.622
2.724,8.448,11.172
6.253,3.574,9.827
6.719,4.6,11.319
7.939,2.21,10.149
8.566,2.361,10.927
6.117,4.245,10.362
2.321,8.688,11.009
2.466,8.362,10.828
7.209,3.987,11.195
8.556,1.682,10.238
3.426,7.827,11.253
10.323,0.427,10.75
8.833,2.338,11.172
7.157,3.931,11.088
4.924,4.848,9.772
4.076,6.532,10.608
1.457,8.731,10.188
6.43,4.566,10.996
3.549,7.579,11.128
3.083,8.96,12.043
10.258,0.659,10.916
8.586,4.003,12.589
4.034,7.64,11.675
4.503,5.859,10.362
8.671,2.322,10.993
2.831,7.564,10.395
5.777,4.724,10.501
5.584,6.262,11.846
7.992,3.315,11.307
6.841,3.664,10.506
5.153,6.2,11.353
6.049,5.376,11.425
6.781,4.097,10.878
4.35,8.015,12.366
6.409,5.301,11.71
3.629,6.872,10.501
3.902,5.252,9.153
3.254,7.581,10.835
6.948,4.455,11.402
2.794,7.567,10.362
3.883,6.714,10.597
4.054,4.937,8.991
6.782,4.513,11.295
6.375,6.272,12.647
1.489,9.839,11.329
8.344,3.258,11.602
3.661,7.279,10.941
5.614,4.501,10.115
3.278,9.075,12.353
5.045,5.459,10.504
6.316,5.809,12.125
8.844,2.865,11.709
1.972,8.069,10.041
2.436,7.82,10.256
5.864,4.48,10.344
7.754,2.566,10.32
9.642,1.32,10.962
3.127,9.029,12.156
6.346,5.079,11.425
4.433,6.161,10.594
9.947,2.196,12.143
10.258,0.659,10.916
4.983,6.953,11.936
8.765,1.577,10.342
3.693,6.221,9.914
3.81,7.445,11.255
2.942,9.178,12.119
1.929,8.762,10.691
5.703,6.149,11.852
4.935,6.05,10.984
8.151,2.429,10.58
2.459,7.572,10.031
5.757,5.033,10.79
1.184,8.801,9.986
8.542,2.12,10.662
3.526,7.164,10.689
4.443,5.455,9.897
4.246,6.019,10.265
5.193,6.178,11.371
6.909,4.703,11.612
8.486,2.65,11.136
5.973,3.879,9.852
2.209,9.242,11.451
5.93,5.46,11.389
3.051,7.449,10.5
6.798,3.653,10.451
4.926,5.248,10.174
8.237,3.692,11.929
8.278,2.818,11.096
2.623,7.331,9.954
7.875,3.721,11.596
3.212,6.817,10.029
8.961,1.253,10.214
9.525,1.816,11.341
6.938,4.062,11.0
3.121,7.637,10.758
7.325,3.085,10.41
4.304,8.24,12.543
8.826,2.095,10.921
4.6,5.827,10.427
5.766,5.045,10.811
3.639,8.605,12.243
0.741,10.252,10.993
7.749,5.451,13.2
6.23,3.916,10.146
2.837,7.578,10.416
3.764,7.687,11.451
4.303,7.355,11.658
8.671,2.322,10.993
3.594,7.487,11.081
8.339,2.923,11.262
5.815,6.62,12.434
4.351,6.379,10.73
3.571,6.293,9.863
6.64,3.428,10.068
9.227,1.831,11.058
7.301,2.964,10.265
1.62,10.254,11.874
4.563,6.802,11.365
1.542,9.385,10.927
1.542,9.385,10.927
3.567,6.595,10.163
7.586,4.014,11.6
3.576,7.57,11.146
3.909,7.598,11.507
4.643,6.741,11.384
6.89,3.265,10.155
3.254,7.581,10.835
6.923,4.246,11.17
3.069,7.361,10.43
8.237,3.692,11.929
5.929,4.332,10.261
4.737,6.455,11.193
9.299,1.446,10.745
4.597,7.394,11.991
3.642,7.211,10.852
5.703,6.149,11.852
5.265,5.832,11.097
6.592,4.344,10.937
6.835,4.05,10.885
6.735,3.44,10.174
1.672,8.525,10.197
6.446,4.826,11.272
8.246,3.697,11.943
1.894,8.406,10.3
3.719,6.692,10.411
3.828,7.698,11.526
6.746,6.196,12.942
2.38,9.063,11.443
3.839,6.085,9.924
4.641,6.377,11.018
8.225,2.293,10.518
7.261,3.431,10.692
2.346,9.814,12.16
7.692,2.827,10.518
5.079,6.247,11.326
1.101,9.515,10.616
5.663,5.236,10.899
5.737,5.743,11.48
3.02,7.077,10.097
5.113,7.262,12.375
1.223,10.043,11.266
4.583,6.795,11.378
3.288,9.273,12.561
1.638,9.403,11.042
6.846,4.823,11.669
3.88,7.103,10.983
4.682,7.149,11.831
2.538,7.754,10.292
4.513,7.034,11.547
2.448,9.21,11.658
7.579,3.52,11.099
2.563,9.378,11.941
9.498,2.283,11.781
2.703,8.4,11.103
9.324,1.782,11.106
8.278,2.818,11.096
9.16,2.761,11.921
3.031,7.569,10.6
2.138,10.178,12.316
2.209,9.242,11.451
6.822,3.99,10.812
7.483,3.904,11.387
5.592,5.404,10.996
5.431,6.681,12.112
4.445,4.943,9.388
1.126,11.193,12.319
0.582,10.206,10.788
4.811,5.931,10.742
7.943,2.112,10.054
4.395,8.323,12.717
6.667,4.011,10.678
4.564,5.982,10.546
2.118,8.32,10.439
7.388,4.598,11.986
6.409,4.133,10.542
6.269,5.556,11.825
6.822,3.99,10.812
4.496,6.665,11.161
7.301,2.964,10.265
10.444,1.235,11.679
9.249,2.496,11.745
9.616,0.752,10.368
10.294,1.829,12.123
8.554,1.69,10.245
4.969,6.113,11.082
8.826,2.095,10.921
3.911,6.102,10.013
5.915,6.2,12.115
8.731,2.136,10.866
8.69,3.181,11.871
4.666,6.644,11.31
4.522,7.153,11.676
8.487,3.03,11.517
1.981,8.111,10.092
9.587,1.503,11.09
9.029,1.824,10.853
4.266,6.962,11.228
7.102,4.816,11.918
5.123,5.388,10.511
4.561,7.086,11.646
5.013,6.158,11.171
1.655,9.758,11.413
3.652,7.3,10.952
8.651,2.382,11.033
1.443,10.321,11.764
2.268,8.884,11.152
6.32,4.888,11.208
7.143,4.017,11.16
0.741,10.252,10.993
4.522,7.153,11.676
6.268,5.067,11.336
2.943,8.531,11.474
3.133,7.77,10.903
4.911,5.579,10.489
1.434,9.246,10.68
4.122,8.126,12.247
4.925,6.887,11.812
9.858,1.764,11.622
5.072,6.636,11.708
7.384,3.391,10.775
6.665,3.488,10.153
3.1785,7.0649999999999995,10.244
3.869,7.371,11.241
7.874,3.478,11.352
10.187,1.217,11.404
2.178,8.486,10.664
2.098,8.036,10.133
6.604,4.839,11.444
8.554,1.69,10.245
7.479,2.388,9.867
8.404,2.648,11.052
7.29,3.541,10.831
7.641,3.916,11.557
4.838,7.254,12.092
5.356,6.131,11.487
5.869,5.556,11.425
5.845,5.427,11.272
3.164,8.387,11.551
0.952,10.313,11.265
2.684,8.142,10.826
4.076,6.532,10.608
10.322,1.39,11.712
4.516,7.445,11.961
4.299,6.524,10.823
2.118,8.32,10.439
2.466,8.362,10.828
3.475,8.448,11.922
4.685,6.08,10.765
9.399,1.861,11.26
4.245,6.003,10.248
4.969,6.113,11.082
4.427,5.405,9.832
4.425,5.932,10.356
3.268,7.487,10.755
4.006,6.993,11.0
5.612,5.866,11.478
3.097,8.489,11.587
6.476,4.239,10.715
1.514,9.636,11.15
4.868,6.611,11.478
7.943,2.112,10.054
5.089,4.813,9.902
5.352,5.736,11.087
5.664,5.883,11.546
8.687,2.867,11.554
3.81,7.445,11.255
6.488,3.968,10.456
2.923,7.357,10.279
6.529,4.895,11.424
5.049,5.26,10.309
6.406,3.749,10.155
6.602,4.382,10.984
5.633,4.241,9.874
2.361,9.54,11.902
1.434,9.246,10.68
5.375,6.264,11.64
9.977,1.415,11.392
5.648,5.428,11.077
4.266,6.962,11.228
7.579,3.52,11.099
7.641,3.916,11.557
8.687,2.867,11.554
6.992,3.86,10.852
6.17,4.166,10.337
6.96,4.983,11.943
9.064,2.787,11.851
6.022,3.503,9.525
3.541,6.438,9.979
4.697,5.677,10.374
3.571,6.293,9.863
4.028,7.556,11.584
2.992,7.866,10.858
5.219,5.313,10.532
4.299,6.524,10.823
4.52,8.426,12.946
7.885,2.777,10.662
5.831,4.809,10.64
3.051,7.449,10.5
7.723,4.748,12.472
4.459,5.934,10.392
8.244,2.569,10.812
7.314,2.983,10.297
6.699,3.584,10.284
2.792,8.243,11.035
6.24,4.526,10.766
4.223,5.981,10.204
9.804,2.577,12.381
4.443,5.455,9.897
8.325,3.013,11.338
1.658,9.302,10.96
6.315,5.111,11.425
8.004,4.425,12.429
2.362,7.802,10.164
7.002,4.805,11.807
2.466,8.362,10.828
2.209,9.242,11.451
2.774,8.455,11.229
8.601,1.812,10.412
4.695,5.982,10.677
4.849,5.745,10.594
10.118,1.037,11.155
4.563,6.802,11.365
0.477,9.768,10.245
6.756,4.209,10.965
10.931,0.835,11.765
3.418,8.028,11.446
4.06,7.596,11.655
5.791,5.387,11.178
6.135,5.243,11.377
4.928,6.527,11.455
4.101,6.866,10.966
1.542,9.385,10.927
2.981,7.851,10.833
11.192,0.875,12.068
6.897,4.386,11.282
8.378,3.777,12.155
3.19,8.238,11.427
7.877,2.167,10.043
4.733,7.187,11.92
8.499,4.136,12.635
0.291,11.26,11.551
6.24,4.526,10.766
4.544,6.936,11.48
2.774,8.455,11.229
6.68,3.875,10.555
5.341,6.335,11.677
7.875,2.336,10.211
7.751,4.106,11.857
4.075,7.224,11.299
5.527,5.273,10.8
4.748,5.124,9.873
7.33,3.299,10.629
5.19,6.615,11.805
5.612,5.866,11.478
6.223,4.192,10.415
4.307,6.597,10.903
4.926,5.248,10.174
4.303,7.355,11.658
2.901,8.145,11.046
9.268,2.234,11.503
2.694,7.428,10.121
7.275,2.867,10.142
0.538,11.58,12.117
6.39,4.702,11.092
7.329,3.244,10.573
2.444,9.357,11.802
6.719,4.6,11.319
7.966,3.27,11.236
2.448,9.21,11.658
5.855,4.696,10.551
9.769,1.564,11.333
5.953,5.3,11.253
1.823,9.508,11.331
6.699,3.584,10.284
6.438,3.717,10.156
2.073,8.582,10.655
2.093,9.696,11.789
5.945,4.956,10.901
7.586,4.014,11.6
5.664,5.883,11.546
7.308,3.614,10.921
2.767,9.573,12.34
1.856,8.277,10.133
3.957,7.272,11.229
8.671,2.235,10.906
8.566,2.361,10.927
6.202,5.902,12.104
9.972,1.722,11.694
5.193,4.897,10.091
5.797,5.524,11.321
10.048,1.728,11.776
6.185,4.034,10.219
6.99,3.929,10.919
7.102,4.816,11.918
4.776,7.327,12.103
3.921,6.184,10.104
4.716,4.54,9.256
6.842,5.864,12.706
9.769,1.564,11.333
2.595,9.835,12.43
5.107,5.347,10.454
10.106,2.309,12.415
3.639,8.605,12.243
8.374,4.153,12.527
8.279,3.615,11.894
8.04,3.425,11.465
5.22,5.663,10.883
8.888,0.631,9.519
3.339,8.087,11.426
9.69,3.109,12.799
3.545,8.079,11.624
3.978,6.194,10.172
5.991,5.185,11.176
10.695,0.621,11.316
6.246,4.217,10.462
2.445,8.427,10.872
8.185,2.188,10.372
6.135,5.243,11.377
10.229,1.095,11.324
6.048,4.989,11.037
1.978,9.013,10.991
5.394,6.314,11.708
5.929,5.68,11.61
5.217,5.035,10.252
7.778,2.392,10.17
2.431,9.262,11.693
6.135,5.243,11.377
9.16,2.761,11.921
9.714,0.203,9.917
4.411,4.884,9.295
1.264,9.402,10.666
1.56,10.278,11.838
3.617,6.041,9.658
6.819,4.264,11.083
2.199,7.881,10.079
6.55,5.162,11.712
7.247,4.352,11.599
10.258,1.251,11.509
3.47,8.636,12.107
9.923,1.479,11.402
9.278,1.98,11.258
4.836,6.614,11.451
8.311,2.788,11.099
3.356,8.048,11.405
1.25,9.396,10.646
10.562,2.739,13.301
6.065,5.343,11.408
7.289,2.468,9.757
5.049,5.26,10.309
10.535,0.799,11.334
9.428,1.458,10.886
2.436,7.82,10.256
6.387,4.974,11.361
3.526,7.839,11.365
1.223,10.043,11.266
10.436,1.394,11.831
7.992,3.315,11.307
2.459,8.987,11.446
0.319,10.301,10.62
3.794,7.254,11.048
8.833,2.338,11.172
1.25,9.396,10.646
5.4,6.17,11.57
2.13,7.551,9.681
5.6,6.085,11.685
6.206,5.223,11.43
4.643,6.741,11.384
7.637,3.138,10.775
7.469,2.538,10.007
7.358,4.409,11.768
8.493,2.878,11.371
1.869,9.665,11.534
5.391,4.882,10.274
4.513,7.034,11.547
6.948,3.584,10.532
6.908,3.493,10.402
2.466,8.362,10.828
4.564,5.982,10.546
2.439,8.9,11.339
4.495,7.398,11.892
5.983,4.444,10.427
2.999,9.376,12.376
6.517,4.605,11.122
9.144,1.848,10.992
3.643,8.232,11.875
2.775,7.756,10.531
8.975,2.44,11.415
3.229,6.047,9.276
6.909,4.703,11.612
4.351,6.379,10.73
9.233,1.013,10.247
5.102,6.159,11.26
5.648,5.428,11.077
3.392,7.201,10.594
6.048,6.736,12.784
4.935,6.05,10.984
7.999,2.305,10.304
6.24,4.963,11.202
8.873,2.879,11.753
10.799,1.204,12.003
4.732,8.24,12.972
1.695,8.762,10.457
5.721,6.327,12.048
2.538,7.754,10.292
8.128,3.12,11.248
7.867,2.91,10.777
2.871,10.299,13.17
6.097,4.525,10.622
3.794,7.254,11.048
5.855,4.696,10.551
2.992,7.866,10.858
2.053,8.707,10.76
5.483,6.635,12.118
1.505,9.125,10.63
8.437,2.226,10.663
2.724,8.448,11.172
5.599,5.118,10.717
7.066,4.453,11.518
6.135,5.243,11.377
8.019,4.743,12.762
9.977,1.415,11.392
4.059,6.67,10.729
4.199,6.374,10.574
4.814,5.446,10.26
9.242,1.033,10.275
3.268,7.487,10.755
7.132,3.908,11.04
3.031,7.569,10.6
7.639,4.162,11.801
1.883,9.907,11.79
8.865,2.512,11.377
7.428,3.963,11.391
4.5625,6.5565,11.119
4.149,6.323,10.473
1.712,10.022,11.734
4.059,6.67,10.729
7.29,3.541,10.831
3.631,8.441,12.072
3.529,6.899,10.428
1.693,9.345,11.038
9.909,1.639,11.548
4.874,4.632,9.506
5.645,3.948,9.593
8.159,2.434,10.593
1.862,10.068,11.93
6.908,3.493,10.402
9.299,1.446,10.745
5.891,5.963,11.854
2.703,8.4,11.103
1.655,9.758,11.413
4.097,6.54,10.637
6.841,5.27,12.111
1.487,9.96,11.447
1.489,9.839,11.329
9.64,2.217,11.857
5.721,6.327,12.048
3.745,6.155,9.901
0.319,8.477,8.796
8.91,1.755,10.665
10.402,1.49,11.891
4.045,8.853,12.898
5.11,6.949,12.059
6.813,3.031,9.845
4.884,5.907,10.791
9.891,1.606,11.497
5.766,5.045,10.811
6.446,4.826,11.272
7.03,4.031,11.061
5.144,5.601,10.746
3.284,7.288,10.572
7.167,4.664,11.83
3.268,7.487,10.755
8.073,4.466,12.539
6.315,5.111,11.425
0.61,10.891,11.501
3.563,7.357,10.921
7.918,2.926,10.844
4.149,6.323,10.473
2.724,8.448,11.172
8.691,2.391,11.081
6.435,5.254,11.689
2.039,7.797,9.836
4.335,6.196,10.531
3.844,7.129,10.973
1.409,9.089,10.499
2.448,9.21,11.658
2.043,9.584,11.628
1.14,8.695,9.835
2.431,9.262,11.693
8.242,4.417,12.659
10.931,0.835,11.765
5.191,5.073,10.263
4.963,6.514,11.477
4.096,4.759,8.855
8.382,2.421,10.803
11.125,0.675,11.8
5.983,4.444,10.427
8.093,3.974,12.068
5.257,5.857,11.115
6.246,4.217,10.462
6.45,4.383,10.833
4.503,5.859,10.362
7.423,2.915,10.338
6.361,5.54,11.902
1.677,8.95,10.628
2.992,8.424,11.416
4.666,6.644,11.31
5.283,4.361,9.644
4.643,6.741,11.384
5.978,4.8,10.777
5.11,5.58,10.691
2.792,8.243,11.035
8.188,1.748,9.936
7.948,4.546,12.495
6.851,4.697,11.547
7.984,3.28,11.264
4.288,7.08,11.368
1.528,8.684,10.212
3.004,8.005,11.009
1.808,8.79,10.598
3.004,8.005,11.009
5.663,5.236,10.899
7.313,5.365,12.678
1.768,9.137,10.905
9.587,1.932,11.519
4.477,6.537,11.014
2.774,8.455,11.229
5.929,4.311,10.24
5.229,5.352,10.581
6.809,4.366,11.175
9.387,0.976,10.363
4.266,5.715,9.981
6.51,3.657,10.167
4.215,6.518,10.733
6.819,4.264,11.083
8.046,3.82,11.866
7.994,2.33,10.324
6.918,3.858,10.776
6.306,4.241,10.547
4.842,7.264,12.107
5.953,5.3,11.253
7.163,3.661,10.824
4.402,5.745,10.147
5.144,5.601,10.746
8.844,2.865,11.709
3.132,7.622,10.754
6.941,4.227,11.168
6.192,4.663,10.856
4.837,6.435,11.272
4.182,7.838,12.02
7.412,4.117,11.529
3.814,7.432,11.246
6.094,5.86,11.954
1.264,9.402,10.666
6.361,5.54,11.902
7.282,3.176,10.457
5.322,6.015,11.337
4.502,6.912,11.413
5.141,5.186,10.327
4.277,6.867,11.143
5.11,6.949,12.059
1.658,9.302,10.96
1.768,9.137,10.905
1.768,9.137,10.905
8.691,2.391,11.081
4.503,6.941,11.444
5.545,5.4,10.944
6.155,4.451,10.606
2.575,8.756,11.331
2.563,8.755,11.319
6.456,4.763,11.22
8.487,3.03,11.517
3.065,7.488,10.553
4.657,5.776,10.433
4.477,6.537,11.014
2.901,8.145,11.046
8.903,1.074,9.977
5.762,4.199,9.961
5.33,5.462,10.792
2.569,9.306,11.875
5.663,5.236,10.899
4.307,6.597,10.903
2.962,7.978,10.94
2.992,7.866,10.858
4.503,6.941,11.444
8.209,2.237,10.446
8.044,3.453,11.497
6.797,3.667,10.464
8.16,4.041,12.201
4.333,5.534,9.866
9.16,2.761,11.921
8.252,2.161,10.413
8.143,2.481,10.624
2.799,9.055,11.854
2.88,7.32,10.2
9.416,1.417,10.833
6.241,4.177,10.418
8.128,3.12,11.248
1.956,9.726,11.682
2.88,7.32,10.2
4.246,6.019,10.265
6.684,3.747,10.431
6.954,3.241,10.195
8.348,2.394,10.742
6.294,5.271,11.565
2.427,9.606,12.033
3.777,8.655,12.432
4.666,6.644,11.31
3.75,7.721,11.471
3.594,7.487,11.081
6.667,4.011,10.678
5.286,6.336,11.622
8.298,3.183,11.481
6.405,4.478,10.883
5.819,5.845,11.663
5.224,5.951,11.175
2.193,7.978,10.171
3.603,7.755,11.359
7.412,4.117,11.529
6.354,4.468,10.822
8.578,2.025,10.603
7.56,4.134,11.694
3.998,7.86,11.858
7.075,5.034,12.109
6.726,3.32,10.046
7.05,5.007,12.057
4.544,6.936,11.48
11.192,0.875,12.068
3.548,6.666,10.214
3.998,7.86,11.858
4.134,7.574,11.708
2.938,7.462,10.4
2.569,9.306,11.875
5.958,5.271,11.229
5.44,5.106,10.546
4.393,6.764,11.157
4.672,6.679,11.351
7.984,3.28,11.264
4.076,6.532,10.608
5.771,6.328,12.099
8.601,1.812,10.412
4.29,5.353,9.643
7.647,3.909,11.556
0.477,9.768,10.245
3.508,5.42,8.927
4.948,6.542,11.49
3.693,6.221,9.914
6.347,4.833,11.179
7.685,4.479,12.164
8.004,4.08,12.085
1.542,9.385,10.927
5.757,5.033,10.79
1.25,9.396,10.646
3.855,6.714,10.569
5.257,5.857,11.115
6.819,4.264,11.083
6.884,4.098,10.982
4.358,6.666,11.024
11.11,1.646,12.756
2.813,9.844,12.657
3.108,7.843,10.951
9.387,0.976,10.363
6.031,4.739,10.77
2.898,7.79,10.688
4.6,5.827,10.427
10.322,1.39,11.712
4.208,5.762,9.97
4.363,5.617,9.979
6.468,4.907,11.375
4.024,6.487,10.511
3.957,7.212,11.169
4.776,7.327,12.103
4.006,6.993,11.0
5.022,6.431,11.453
6.284,5.339,11.623
7.384,3.391,10.775
1.223,10.043,11.266
9.416,1.417,10.833
6.306,4.241,10.547
4.56,5.903,10.463
7.978,2.981,10.959
8.465,2.135,10.6
2.322,9.964,12.286
5.318,6.424,11.742
2.448,9.21,11.658
6.38,5.393,11.773
2.36,7.764,10.124
1.768,9.137,10.905
6.797,3.667,10.464
6.447,4.721,11.168
9.354,1.626,10.98
4.201,7.646,11.847
2.717,7.5,10.217
0.61,10.891,11.501
8.391,3.231,11.622
6.908,3.493,10.402
1.489,9.839,11.329
6.633,4.016,10.649
3.032,7.737,10.768
8.348,2.394,10.742
4.203,7.075,11.278
7.843,3.753,11.595
1.569,8.51,10.079
2.36,7.764,10.124
8.367,3.285,11.652
6.908,3.493,10.402
4.333,5.534,9.866
2.234,9.728,11.962
9.269,2.497,11.766
10.258,0.659,10.916
2.831,7.564,10.395
8.535,1.595,10.131
8.617,2.418,11.036
7.42,4.407,11.826
0.617,10.333,10.95
6.311,4.729,11.039
10.873,0.663,11.536
5.237,6.437,11.674
2.63,7.322,9.953
5.138,5.239,10.376
3.637,8.219,11.857
8.013,3.224,11.237
4.59,6.949,11.539
3.527,8.863,12.391
5.895,6.347,12.242
8.726,2.419,11.145
8.919,2.802,11.721
7.899,3.29,11.189
6.468,4.907,11.375
4.466,7.665,12.131
5.016,5.125,10.141
8.404,2.648,11.052
4.283,6.131,10.415
2.854,9.147,12.001
8.257,3.756,12.012
2.621,8.033,10.654
6.065,5.343,11.408
7.431,4.597,12.028
6.094,5.86,11.954
6.135,5.243,11.377
8.252,2.161,10.413
2.098,8.036,10.133
3.426,7.827,11.253
8.244,2.569,10.812
2.47,9.711,12.182
1.127,8.035,9.162
7.247,4.352,11.599
7.282,3.135,10.417
7.716,3.927,11.643
6.405,3.595,10.0
9.56,2.379,11.938
5.65,7.143,12.793
4.609,5.252,9.861
6.834,2.594,9.428
10.118,1.037,11.155
4.094,8.164,12.258
6.206,5.223,11.43
7.314,2.983,10.297
3.733,8.203,11.936
2.113,8.902,11.015
1.56,10.278,11.838
6.24,4.963,11.202
3.88,7.103,10.983
7.209,3.987,11.195
2.979,7.755,10.734
8.369,3.292,11.662
3.766,6.238,10.003
7.75,3.197,10.947
2.559,8.548,11.107
4.512,5.289,9.802
9.243,2.39,11.633
2.432,8.069,10.501
5.022,6.431,11.453
6.792,5.415,12.207
4.513,7.034,11.547
6.204,4.563,10.767
4.541,7.289,11.83
9.428,1.458,10.886
5.009,6.404,11.413
3.125,7.842,10.967
4.935,6.05,10.984
0.741,10.252,10.993
1.869,9.665,11.534
9.387,0.976,10.363
9.354,0.877,10.231
5.664,5.883,11.546
9.766,1.146,10.912
3.002,8.081,11.084
8.919,2.802,11.721
8.225,2.293,10.518
7.984,3.28,11.264
7.603,5.286,12.889
5.318,6.421,11.739
9.972,1.722,11.694
0.801,9.975,10.775
4.763,5.724,10.487
0.947,10.461,11.408
6.135,5.243,11.377
5.476,6.307,11.784
4.821,6.037,10.858
7.754,2.566,10.32
8.252,2.161,10.413
5.767,5.769,11.536
2.334,8.962,11.296
8.873,2.879,11.753
2.887,8.495,11.381
6.665,3.488,10.153
4.821,6.089,10.91
1.99,8.491,10.481
10.444,1.235,11.679
2.355,8.697,11.052
5.797,5.524,11.321
5.865,6.024,11.89
9.044,2.625,11.669
7.528,2.277,9.805
7.579,3.52,11.099
5.318,6.421,11.739
9.4,1.554,10.954
8.11,1.647,9.757
9.264,2.815,12.079
0.849,11.23,12.079
7.914,3.924,11.838
6.492,4.447,10.939
1.315,9.791,11.106
1.824,8.601,10.426
2.018,9.926,11.944
9.351,1.352,10.703
4.348,8.905,13.253
1.494,9.492,10.986
3.403,6.738,10.141
10.087,3.449,13.536
9.845,1.56,11.405
8.509,2.762,11.271
2.651,7.506,10.156
6.095,3.655,9.75
2.18,8.889,11.069
7.637,3.138,10.775
9.269,2.497,11.766
6.792,5.415,12.207
4.322,7.533,11.856
6.797,3.667,10.464
6.241,4.177,10.418
2.775,7.756,10.531
6.938,4.062,11.0
1.449,11.053,12.502
8.833,2.338,11.172
7.816,2.715,10.53
7.308,3.614,10.921
4.548,7.33,11.878
4.246,6.019,10.265
2.071,10.071,12.142
7.308,3.614,10.921
3.975,6.79,10.766
7.638,2.382,10.02
5.738,5.422,11.16
9.249,2.496,11.745
3.314,8.838,12.151
4.277,6.867,11.143
9.029,1.824,10.853
4.776,5.791,10.567
4.551,5.951,10.502
7.29,3.541,10.831
9.943,2.181,12.123
2.696,7.33,10.026
8.198,3.213,11.41
4.017,6.846,10.864
7.283,4.494,11.778
5.648,5.428,11.077
4.182,7.838,12.02
4.442,7.727,12.168
4.499,7.489,11.987
6.394,6.063,12.457
8.911,3.181,12.092
6.342,3.547,9.889
7.637,3.138,10.775
4.269,6.906,11.175
5.869,5.556,11.425
4.814,5.446,10.26
5.906,4.261,10.166
9.931,0.659,10.59
6.492,4.447,10.939
1.655,9.758,11.413
6.504,5.317,11.821
5.715,4.009,9.724
5.33,5.003,10.333
8.687,2.867,11.554
5.231,4.308,9.539
1.21,9.656,10.866
6.373,4.059,10.432
5.729,4.579,10.308
8.578,2.025,10.603
6.884,4.098,10.982
4.869,7.244,12.114
5.058,4.911,9.969
6.813,3.031,9.845
6.808,4.023,10.831
3.911,6.102,10.013
6.2,5.254,11.454
6.24,4.95,11.191
2.717,7.5,10.217
9.864,1.329,11.193
10.258,1.251,11.509
6.517,4.605,11.122
2.979,7.755,10.734
7.127,2.917,10.044
9.428,1.458,10.886
8.671,2.235,10.906
5.227,6.754,11.981
8.185,2.188,10.372
5.025,5.376,10.401
8.726,2.419,11.145
5.797,5.524,11.321
6.192,4.663,10.856
9.45,1.124,10.574
5.33,5.789,11.119
4.776,5.791,10.567
2.266,9.049,11.314
9.94,2.656,12.596
7.779,2.702,10.481
3.426,7.827,11.253
2.796,8.287,11.083
2.459,8.987,11.446
3.133,7.77,10.903
6.09,6.125,12.215
5.22,5.663,10.883
9.864,1.329,11.193
5.798,5.582,11.38
1.894,8.406,10.3
3.327,7.95,11.277
5.769,5.753,11.522
4.281,5.396,9.677
10.434,0.317,10.75
3.339,8.087,11.426
8.981,2.293,11.275
5.796,5.628,11.424
5.07,5.097,10.166
2.947,7.256,10.203
5.079,6.247,11.326
1.438,8.952,10.39
5.721,6.8,12.522
7.021,5.299,12.319
1.981,8.111,10.092
4.561,7.086,11.646
8.411,3.393,11.804
3.75,7.721,11.471
9.766,1.146,10.912
3.065,7.488,10.553
6.117,4.245,10.362
2.178,8.486,10.664
8.35,3.925,12.275
5.033,7.488,12.522
1.21,9.656,10.866
1.494,9.492,10.986
9.428,1.458,10.886
6.827,5.812,12.638
10.323,0.427,10.75
10.873,0.663,11.536
1.314,9.059,10.373
7.901,2.315,10.216
5.476,6.307,11.784
2.466,8.362,10.828
3.352,6.63,9.981
5.869,5.556,11.425
6.714,3.578,10.292
8.159,2.434,10.593
8.298,3.183,11.481
9.858,1.764,11.622
6.761,5.152,11.913
8.298,3.183,11.481
5.388,5.626,11.013
0.92,10.412,11.332
1.169,8.5,9.669
9.416,1.417,10.833
10.754,0.481,11.235
2.561,10.007,12.569
7.9,3.421,11.321
8.487,3.03,11.517
4.185,5.937,10.122
4.034,7.64,11.675
7.638,2.382,10.02
5.958,5.271,11.229
5.068,5.973,11.041
6.267,5.426,11.693
4.503,6.941,11.444
3.794,6.341,10.135
8.45,3.718,12.169
3.475,8.448,11.922
3.814,7.432,11.246
5.703,6.149,11.852
9.714,0.203,9.917
4.381,7.011,11.392
2.988,8.117,11.105
0.291,11.26,11.551
2.988,8.117,11.105
3.056,8.231,11.286
1.494,9.492,10.986
6.311,4.729,11.039
2.815,7.552,10.367
3.642,7.211,10.852
8.252,2.161,10.413
8.085,4.194,12.28
4.969,6.113,11.082
5.766,4.931,10.696
3.754,7.548,11.302
2.758,8.467,11.224
4.719,6.571,11.29
5.592,5.093,10.686
10.434,0.317,10.75
5.893,3.757,9.65
8.085,4.194,12.28
2.802,8.508,11.31
5.804,3.992,9.796
3.957,7.212,11.169
7.388,4.598,11.986
5.977,4.816,10.793
8.244,2.569,10.812
9.416,1.417,10.833
8.809,1.551,10.36
3.5,6.412,9.912
3.646,7.815,11.461
7.839,3.123,10.962
3.322,7.732,11.054
6.947,4.857,11.805
7.988,3.037,11.025
3.169,8.366,11.535
5.508,5.02,10.529
4.499,7.489,11.987
2.926,9.086,12.012
7.839,3.123,10.962
6.809,4.366,11.175
8.278,2.818,11.096
1.862,10.068,11.93
4.925,6.887,11.812
2.02,8.706,10.726
1.294,10.218,11.512
2.121,8.678,10.8
8.755,2.064,10.819
4.393,6.764,11.157
7.988,3.037,11.025
8.278,2.818,11.096
2.917,8.207,11.124
10.21,1.012,11.222
5.079,6.247,11.326
8.617,2.418,11.036
3.272,6.463,9.735
5.761,5.472,11.233
9.45,1.124,10.574
6.66,5.128,11.788
3.815,5.94,9.755
3.701,7.57,11.271
7.586,4.014,11.6
9.351,1.352,10.703
3.88,7.103,10.983
3.653,6.098,9.751
4.381,7.011,11.392
8.244,2.569,10.812
9.769,1.564,11.333
3.18,8.21,11.39
7.438,3.463,10.9
5.089,4.813,9.902
6.177,5.9295,12.107
7.308,3.614,10.921
5.979,4.065,10.043
8.65,2.124,10.774
6.835,4.05,10.885
9.315,3.03,12.345
3.526,7.839,11.365
4.836,6.614,11.451
3.609,7.009,10.618
5.22,5.663,10.883
4.392,7.984,12.376
4.811,5.931,10.742
2.997,8.63,11.627
6.68,3.875,10.555
3.121,7.637,10.758
4.288,7.08,11.368
2.444,9.357,11.802
8.879,2.692,11.571
2.621,8.033,10.654
4.837,6.435,11.272
5.224,5.951,11.175
5.104,6.816,11.92
1.187,9.668,10.854
6.225,5.222,11.447
5.435,4.896,10.331
6.373,4.059,10.432
8.765,1.577,10.342
5.721,6.327,12.048
5.288,5.941,11.228
6.544,3.144,9.688
3.695,7.05,10.745
7.42,5.24,12.659
1.071,10.94,12.011
7.783,4.665,12.448
6.854,3.314,10.168
7.465,3.068,10.532
3.905,6.538,10.442
2.268,8.884,11.152
10.262,2.192,12.453
6.851,4.697,11.547
9.027,2.246,11.273
10.534,3.144,13.678
4.983,6.953,11.936
6.835,3.408,10.242
4.846,6.571,11.417
4.006,6.993,11.0
7.984,3.28,11.264
9.658,2.245,11.903
6.488,3.968,10.456
3.302,6.875,10.176
5.177,5.998,11.175
5.265,5.832,11.097
9.233,3.528,12.761
5.317,7.204,12.521
3.008,8.235,11.243
7.314,2.983,10.297
8.726,2.419,11.145
4.502,6.912,11.413
2.427,9.606,12.033
6.99,3.929,10.919
3.349,6.78,10.129
8.273,4.393,12.666
1.315,9.791,11.106
4.925,6.887,11.812
7.9,3.421,11.321
9.278,1.98,11.258
5.257,5.857,11.115
6.26,5.455,11.716
8.547,2.828,11.375
4.185,5.937,10.122
6.09,6.125,12.215
1.461,10.647,12.108
1.223,10.043,11.266
5.224,5.951,11.175
6.89,3.265,10.155
5.738,5.422,11.16
8.919,2.802,11.721
5.769,5.19,10.959
6.948,3.584,10.532
10.754,0.481,11.235
1.541,8.291,9.833
10.754,0.481,11.235
4.097,6.552,10.649
9.909,1.639,11.548
3.591,6.333,9.924
3.978,6.194,10.172
4.258,6.929,11.187
7.992,3.315,11.307
5.191,5.073,10.263
9.587,1.932,11.519
4.928,6.527,11.455
5.123,5.388,10.511
4.764,6.615,11.379
7.992,3.315,11.307
5.502,6.021,11.523
6.197,6.462,12.66
1.638,9.403,11.042
4.299,6.524,10.823
7.629,4.48,12.109
2.696,7.33,10.026
3.284,7.066,10.35
1.359,8.167,9.526
5.367,3.498,8.865
2.595,9.835,12.43
1.808,8.79,10.598
7.306,2.49,9.796
1.693,9.345,11.038
5.045,5.459,10.504
5.737,5.743,11.48
2.898,8.012,10.91
7.366,2.459,9.825
9.943,2.181,12.123
7.984,3.28,11.264
7.685,4.479,12.164
2.464,8.185,10.649
8.983,2.125,11.108
6.206,5.223,11.43
1.658,9.302,10.96
5.087,4.809,9.896
4.304,8.24,12.543
1.315,9.791,11.106
4.884,5.907,10.791
9.249,2.496,11.745
4.465,8.178,12.643
7.03,4.031,11.061
1.302,8.826,10.128
6.03,4.716,10.746
4.928,6.527,11.455
4.006,6.993,11.0
6.633,4.016,10.649
5.6,6.085,11.685
6.862,3.306,10.168
5.986,5.404,11.39
7.966,3.27,11.236
7.066,4.453,11.518
1.677,8.95,10.628
7.778,2.392,10.17
5.4,6.17,11.57
2.053,8.707,10.76
5.664,5.883,11.546
1.823,9.508,11.331
5.247,5.376,10.623
4.764,6.615,11.379
4.062,8.736,12.798
6.001,4.579,10.58
6.728,3.459,10.188
8.833,2.338,11.172
8.694,1.879,10.573
4.852,4.777,9.629
4.643,6.741,11.384
3.801,5.771,9.571
8.018,2.19,10.208
6.387,4.974,11.361
1.189,9.302,10.491
3.418,8.028,11.446
4.672,6.679,11.351
6.23,4.244,10.474
4.495,7.398,11.892
3.549,7.579,11.128
8.482,2.033,10.515
6.997,3.782,10.779
4.729,7.192,11.921
8.975,2.44,11.415
5.909,5.651,11.561
5.221,6.582,11.803
9.416,1.417,10.833
4.246,6.019,10.265
5.653,4.502,10.155
10.119,2.44,12.559
5.891,5.963,11.854
4.303,7.355,11.658
3.529,6.899,10.428
8.411,2.324,10.735
5.663,5.236,10.899
3.794,6.341,10.135
5.289,5.758,11.047
7.58,2.68,10.26
8.542,2.12,10.662
4.305,7.38,11.685
2.946,8.159,11.105
4.583,6.795,11.378
1.194,9.369,10.563
6.32,4.888,11.208
6.144,4.287,10.431
5.068,5.973,11.041
2.053,8.707,10.76
5.978,4.8,10.777
6.489,4.054,10.543
6.854,3.314,10.168
4.246,6.019,10.265
2.431,9.262,11.693
7.62,4.626,12.246
7.399,3.609,11.008
6.604,4.839,11.444
7.464,3.711,11.175
6.192,4.663,10.856
3.958,5.93,9.888
9.416,1.417,10.833
7.885,2.777,10.662
10.787,1.423,12.21
6.592,4.344,10.937
4.466,7.665,12.131
6.202,4.198,10.399
6.45,5.039,11.489
8.865,2.512,11.377
5.779,4.274,10.053
7.5,4.105,11.605
3.07,6.953,10.023
5.723,6.71,12.433
5.352,5.736,11.087
2.128,8.88,11.008
2.978,7.467,10.445
5.153,6.2,11.353
1.435,8.052,9.486
5.242,5.71,10.953
3.044,7.472,10.516
6.492,4.447,10.939
2.18,8.889,11.069
8.547,2.828,11.375
1.436,8.879,10.315
8.566,2.361,10.927
8.879,2.692,11.571
2.453,9.824,12.277
5.013,6.158,11.171
0.849,11.23,12.079
6.665,3.488,10.153
3.631,8.441,12.072
3.085,8.043,11.128
7.913,2.811,10.725
6.539,5.91,12.45
2.88,7.32,10.2
1.796,9.576,11.372
9.94,3.207,13.147
4.122,8.126,12.247
2.887,8.495,11.381
2.621,8.033,10.654
2.851,8.706,11.557
8.765,1.577,10.342
5.578,4.131,9.71
9.029,1.824,10.853
8.687,2.867,11.554
11.643,0.202,11.845
9.465,1.532,10.997
7.523,5.978,13.501
5.716,5.792,11.508
4.039,7.38,11.419
3.051,7.449,10.5
6.24,4.526,10.766
3.609,7.009,10.618
9.144,1.848,10.992
4.36,7.569,11.929
5.476,6.307,11.784
4.668,6.019,10.688
1.905,7.721,9.627
4.516,7.445,11.961
6.846,3.091,9.937
2.559,8.548,11.107
6.45,5.039,11.489
6.03,4.716,10.746
6.64,3.428,10.068
8.775,4.151,12.926
1.373,9.153,10.526
7.311,4.37,11.68
4.495,7.398,11.892
3.986,5.905,9.891
3.992,8.118,12.11
7.778,2.392,10.17
8.501,2.83,11.33
2.575,8.756,11.331
3.529,8.192,11.722
6.517,4.605,11.122
3.766,6.238,10.003
1.693,9.345,11.038
4.631,7.738,12.37
7.559,2.375,9.935
0.977,9.005,9.983
4.852,4.777,9.629
8.179,2.198,10.377
2.167,8.482,10.648
4.307,6.597,10.903
9.152,2.094,11.246
