1.370,8.187,9.557
3.463,2.055,5.518
12.398,4.030,16.428
5.750,3.342,9.092
1.865,8.312,10.177
9.057,3.575,12.631
0.374,6.517,6.891
3.253,3.290,6.543
4.884,7.831,12.714
1.221,7.914,9.135
2.923,4.678,7.601
0.116,2.102,2.218
6.720,2.857,9.577
8.238,8.225,16.463
5.630,3.464,9.094
0.194,1.265,1.459
4.949,2.636,7.585
1.562,2.846,4.407
4.256,1.192,5.448
0.295,3.737,4.032
3.938,7.850,11.788
2.433,6.709,9.142
4.574,9.325,13.899
1.019,1.193,2.212
8.042,5.935,13.977
1.254,2.651,3.906
3.005,5.379,8.384
0.090,2.631,2.721
1.752,1.907,3.658
0.450,4.586,5.036
1.282,3.671,4.952
1.180,3.449,4.629
1.524,0.195,1.719
9.393,3.797,13.190
3.677,8.866,12.543
0.394,8.826,9.220
0.316,6.241,6.557
3.640,4.702,8.342
5.996,7.499,13.494
2.116,1.362,3.478
1.666,6.764,8.429
0.530,2.354,2.884
5.489,7.887,13.377
3.736,4.016,7.752
3.794,8.171,11.966
8.338,8.046,16.384
0.114,5.333,5.447
17.662,9.507,27.169
1.081,1.759,2.840
1.403,6.317,7.720
2.346,2.947,5.293
2.969,0.049,3.018
9.429,6.133,15.562
6.693,7.857,14.550
1.390,1.820,3.210
0.496,3.978,4.473
7.466,8.746,16.212
7.876,2.093,9.968
3.154,6.850,10.004
1.520,0.168,1.688
0.183,2.454,2.637
3.426,5.712,9.139
0.020,0.900,0.920
2.760,5.783,8.543
1.614,6.320,7.934
1.208,8.381,9.589
0.671,3.412,4.083
3.193,0.116,3.309
2.837,7.438,10.274
3.203,1.525,4.728
0.611,6.301,6.912
0.290,8.356,8.646
3.692,2.066,5.757
7.881,3.227,11.108
0.529,2.987,3.517
0.858,8.618,9.475
2.654,6.965,9.619
1.447,1.529,2.976
0.907,2.333,3.240
1.560,0.979,2.539
0.132,4.187,4.320
0.505,1.033,1.538
7.450,0.006,7.457
3.730,8.149,11.878
5.839,4.767,10.606
3.868,3.194,7.062
1.183,6.252,7.435
0.978,8.185,9.163
1.603,4.480,6.082
1.645,6.171,7.816
2.512,3.216,5.728
7.028,8.357,15.385
2.788,9.315,12.103
4.625,8.665,13.290
4.437,4.665,9.101
1.286,0.840,2.127
2.799,4.672,7.471
3.478,6.959,10.437
6.293,3.610,9.903
6.596,6.588,13.184
3.826,2.506,6.331
4.188,2.105,6.293
1.825,4.838,6.664
2.507,2.552,5.059
6.139,6.471,12.610
1.542,6.599,8.141
0.262,8.587,8.849
2.823,8.878,11.701
1.895,9.839,11.734
3.324,2.609,5.933
6.379,4.359,10.738
2.784,8.108,10.892
9.268,5.596,14.864
0.188,7.620,7.808
4.980,5.572,10.552
5.922,5.014,10.935
4.808,8.360,13.167
1.070,7.171,8.242
1.370,0.931,2.301
4.355,3.368,7.723
6.491,4.012,10.503
3.847,7.587,11.434
1.483,1.047,2.530
1.587,1.299,2.886
7.033,0.903,7.936
0.599,7.559,8.158
0.174,0.907,1.081
7.027,1.702,8.729
0.979,2.169,3.148
6.254,6.366,12.620
0.951,9.538,10.489
6.639,0.175,6.814
6.363,3.052,9.415
3.231,2.610,5.840
2.369,9.540,11.909
6.351,8.088,14.439
1.687,8.549,10.236
2.234,9.229,11.463
3.478,6.679,10.156
0.843,9.783,10.627
1.967,7.509,9.475
0.984,5.309,6.292
4.402,4.363,8.764
4.492,7.158,11.650
2.495,3.300,5.795
2.535,5.436,7.970
5.162,6.296,11.458
8.713,6.031,14.744
0.709,9.808,10.517
1.176,1.359,2.535
2.775,2.783,5.558
0.889,8.232,9.120
1.813,3.950,5.762
5.601,7.467,13.068
0.429,8.753,9.182
3.246,6.569,9.815
2.594,5.211,7.805
3.165,7.783,10.949
4.417,6.911,11.328
10.597,1.929,12.525
2.564,6.539,9.103
1.150,8.829,9.979
2.560,2.584,5.144
0.277,0.628,0.904
3.248,5.650,8.898
1.558,4.438,5.996
2.142,9.551,11.693
11.401,8.273,19.674
2.525,0.922,3.447
8.229,3.710,11.940
0.996,2.116,3.112
1.666,9.780,11.446
6.577,8.065,14.642
1.439,9.676,11.115
8.148,7.751,15.899
1.176,0.063,1.239
3.535,6.242,9.777
0.761,5.513,6.274
1.280,7.956,9.236
0.928,5.028,5.956
0.866,0.685,1.551
2.333,6.625,8.958
0.640,2.949,3.590
9.753,3.301,13.053
1.071,9.160,10.231
5.649,4.114,9.763
0.299,7.704,8.003
0.679,8.714,9.393
0.562,7.276,7.838
8.277,8.202,16.479
3.639,3.497,7.135
0.392,6.102,6.495
12.385,3.050,15.436
7.216,4.852,12.068
5.913,6.876,12.788
2.720,9.956,12.676
2.229,9.756,11.986
0.627,1.968,2.595
8.014,0.592,8.605
1.684,9.975,11.659
5.542,6.953,12.495
0.000,3.622,3.622
8.365,3.034,11.399
6.360,3.933,10.292
5.462,6.373,11.835
0.379,2.979,3.358
1.179,7.748,8.927
0.601,7.343,7.944
1.389,1.773,3.162
1.879,8.008,9.887
2.510,8.695,11.205
3.331,6.528,9.858
0.684,2.756,3.440
4.396,6.942,11.337
0.203,0.731,0.933
5.234,6.132,11.366
1.860,9.981,11.840
1.927,0.822,2.749
0.896,2.814,3.710
0.175,5.277,5.452
5.083,1.637,6.720
0.097,5.343,5.439
2.034,1.838,3.873
0.244,7.031,7.275
0.753,4.087,4.841
2.898,8.924,11.822
1.878,5.648,7.527
6.121,5.039,11.160
4.934,9.190,14.124
2.468,8.759,11.227
2.227,3.434,5.661
4.760,1.884,6.644
7.185,8.831,16.016
0.058,8.397,8.455
1.553,3.541,5.094
0.496,9.153,9.649
3.765,5.711,9.476
0.610,1.813,2.422
3.245,7.232,10.478
9.062,0.730,9.791
1.450,0.931,2.381
6.622,4.152,10.773
2.400,4.611,7.011
1.258,9.762,11.020
1.920,7.829,9.749
5.531,2.226,7.757
0.186,4.813,5.000
1.092,9.037,10.129
8.049,1.426,9.476
15.391,2.787,18.178
0.357,5.988,6.345
7.415,0.144,7.559
0.543,1.913,2.456
2.497,8.711,11.208
1.247,7.585,8.832
1.649,3.796,5.444
2.443,5.617,8.060
2.592,7.367,9.958
1.641,6.336,7.977
3.707,8.217,11.924
2.473,6.778,9.250
5.038,2.995,8.033
7.003,6.296,13.298
2.504,0.756,3.261
2.907,6.056,8.963
8.492,1.756,10.248
3.949,9.566,13.515
0.603,4.923,5.527
0.594,3.015,3.609
0.724,9.382,10.106
11.398,5.235,16.633
1.206,6.325,7.531
3.068,5.324,8.392
3.606,1.889,5.494
0.040,4.900,4.940
2.110,0.470,2.581
4.861,6.781,11.642
0.304,0.992,1.296
10.418,8.755,19.173
2.283,7.279,9.562
0.144,7.351,7.496
6.535,9.720,16.255
0.405,5.966,6.371
1.010,6.108,7.118
2.726,8.996,11.721
0.744,4.880,5.623
0.822,1.900,2.722
1.545,3.817,5.362
0.651,3.822,4.473
1.350,4.402,5.752
4.180,3.291,7.471
3.838,7.926,11.764
1.280,6.185,7.466
4.093,6.676,10.769
0.632,1.943,2.575
1.399,1.847,3.245
3.397,0.975,4.372
12.706,6.849,19.555
6.211,4.630,10.841
0.706,9.862,10.568
5.496,8.510,14.006
6.577,0.225,6.802
3.548,9.463,13.010
3.248,6.628,9.876
1.176,3.889,5.065
1.511,5.948,7.459
10.930,8.073,19.003
3.022,3.668,6.691
0.087,8.666,8.753
0.111,5.749,5.859
0.896,0.329,1.225
0.602,6.351,6.953
6.180,1.440,7.620
6.518,2.579,9.097
0.290,8.741,9.031
8.088,1.019,9.107
3.592,5.470,9.062
0.914,7.139,8.053
2.463,3.417,5.881
0.354,9.404,9.759
1.002,6.470,7.473
0.078,9.451,9.529
0.221,4.660,4.881
3.673,2.792,6.465
0.124,8.487,8.611
1.302,8.165,9.467
2.827,3.621,6.448
2.916,9.605,12.521
0.256,1.594,1.850
2.081,6.380,8.461
0.067,4.681,4.748
1.813,2.520,4.333
2.377,6.435,8.812
1.411,4.498,5.908
1.909,5.870,7.779
2.885,4.905,7.790
6.409,4.712,11.120
8.127,7.882,16.010
0.833,1.143,1.976
5.994,0.449,6.443
0.895,5.319,6.214
7.386,9.255,16.641
2.619,5.636,8.256
4.502,3.456,7.958
1.225,1.468,2.692
4.446,6.313,10.759
4.315,7.116,11.431
1.001,2.384,3.385
0.777,7.107,7.884
2.236,1.040,3.277
3.541,1.300,4.841
2.395,6.950,9.345
2.678,0.521,3.198
0.673,4.419,5.092
1.283,4.008,5.291
8.743,8.232,16.975
4.856,3.952,8.807
1.989,3.772,5.760
1.190,1.184,2.374
8.408,3.435,11.842
2.854,2.980,5.834
6.534,9.300,15.833
0.586,2.758,3.343
2.002,8.189,10.191
0.993,5.726,6.719
2.679,0.339,3.018
0.033,7.804,7.837
0.789,2.899,3.688
4.991,3.048,8.039
0.866,7.330,8.196
1.502,7.972,9.474
0.755,8.571,9.327
2.130,7.521,9.651
0.220,4.859,5.079
6.018,3.113,9.130
0.682,4.502,5.184
0.385,3.686,4.071
1.180,5.938,7.119
2.144,4.085,6.229
0.856,0.641,1.497
3.013,8.758,11.772
0.362,6.463,6.825
1.171,6.506,7.677
1.272,2.876,4.148
1.549,6.211,7.760
9.726,6.200,15.926
2.740,1.179,3.919
4.314,1.794,6.108
0.493,9.649,10.142
0.682,2.670,3.352
0.529,6.030,6.559
0.714,7.900,8.614
0.327,9.883,10.210
1.714,6.714,8.428
0.947,2.792,3.740
2.059,8.232,10.290
4.646,4.463,9.109
2.324,6.686,9.011
0.058,0.565,0.623
1.097,2.146,3.243
0.873,1.558,2.430
3.511,3.201,6.712
0.471,7.489,7.960
3.092,5.352,8.444
15.216,9.825,25.041
7.082,4.488,11.570
4.599,9.149,13.748
2.017,2.167,4.184
2.750,7.051,9.801
1.806,0.423,2.228
0.842,5.522,6.364
0.261,9.176,9.437
0.848,4.179,5.027
1.718,0.192,1.910
0.657,9.518,10.176
6.314,8.450,14.764
7.390,6.280,13.670
4.376,3.204,7.580
4.984,9.721,14.706
2.130,6.009,8.139
2.234,4.870,7.104
0.077,1.948,2.025
0.715,0.564,1.279
0.952,8.729,9.681
3.030,7.152,10.182
2.700,0.815,3.515
1.847,6.516,8.362
2.478,3.631,6.109
1.191,9.144,10.335
6.588,6.095,12.683
2.630,1.125,3.754
3.542,5.825,9.367
0.437,7.388,7.824
2.555,4.314,6.869
0.201,4.893,5.094
4.640,2.723,7.362
0.672,7.043,7.716
5.125,2.439,7.564
0.468,8.468,8.936
5.377,2.731,8.109
0.270,2.694,2.965
6.604,6.565,13.169
3.018,6.448,9.466
0.502,6.071,6.573
1.936,4.850,6.786
2.411,7.221,9.633
7.737,4.292,12.029
3.116,5.135,8.251
0.119,6.861,6.980
3.541,2.846,6.387
6.360,2.279,8.639
0.022,1.011,1.034
1.372,6.365,7.736
2.564,5.675,8.240
0.411,2.264,2.675
17.370,0.461,17.830
0.780,7.571,8.351
0.508,3.045,3.554
6.661,6.084,12.744
4.562,1.362,5.924
0.055,1.425,1.480
0.835,4.247,5.082
2.352,7.796,10.149
5.666,5.293,10.959
0.386,5.092,5.477
3.364,8.926,12.290
2.586,7.041,9.627
0.647,6.412,7.059
0.415,8.196,8.611
4.605,2.179,6.784
3.560,9.799,13.359
1.977,7.752,9.729
4.987,6.939,11.925
1.107,5.543,6.650
8.633,8.458,17.091
1.005,3.253,4.258
0.643,7.963,8.607
9.219,2.305,11.524
5.080,2.007,7.087
1.959,9.433,11.392
6.446,9.882,16.328
1.410,1.437,2.847
9.192,2.948,12.140
1.159,0.077,1.236
1.127,7.347,8.475
0.546,9.465,10.011
3.312,2.315,5.626
1.145,7.851,8.996
7.553,4.724,12.277
6.711,9.932,16.643
0.924,7.377,8.301
8.476,3.829,12.305
0.884,0.382,1.266
1.661,5.129,6.790
1.806,6.821,8.626
6.779,6.612,13.391
1.424,0.387,1.811
8.820,4.363,13.183
8.956,2.659,11.615
0.146,2.990,3.136
0.797,2.558,3.355
1.919,7.463,9.382
0.556,9.903,10.459
1.632,8.367,9.999
7.364,9.254,16.619
3.111,2.831,5.943
1.150,6.581,7.731
3.873,8.266,12.139
1.166,8.395,9.561
4.456,8.030,12.486
4.663,5.615,10.278
2.282,2.674,4.956
0.136,6.176,6.312
5.037,6.687,11.724
1.114,7.324,8.438
0.515,6.586,7.101
0.950,9.083,10.033
4.962,4.311,9.274
0.404,9.649,10.052
4.972,5.373,10.345
16.069,5.115,21.184
2.643,2.293,4.936
1.801,6.453,8.254
1.527,9.184,10.711
0.466,1.063,1.529
0.635,2.031,2.666
0.498,6.401,6.899
3.280,7.579,10.859
1.675,6.717,8.392
6.371,6.799,13.170
3.733,0.352,4.085
3.050,2.411,5.461
1.102,0.750,1.852
6.606,1.917,8.522
1.837,8.649,10.486
0.689,3.284,3.973
1.845,2.988,4.833
1.453,7.009,8.463
4.710,8.564,13.275
0.638,5.602,6.240
2.504,4.087,6.590
0.625,6.606,7.231
3.239,1.702,4.941
2.767,0.584,3.351
0.787,8.515,9.302
3.398,1.583,4.981
1.415,4.430,5.845
2.274,6.896,9.169
0.337,4.512,4.849
0.448,1.809,2.257
2.595,5.138,7.734
0.147,1.074,1.221
0.286,3.221,3.507
1.102,9.166,10.268
3.787,2.398,6.186
19.749,2.585,22.334
3.442,3.017,6.458
0.540,5.936,6.476
0.543,0.907,1.450
5.108,7.703,12.811
8.320,3.886,12.206
0.214,9.422,9.636
4.628,7.158,11.786
4.667,9.018,13.685
2.832,5.595,8.428
7.858,4.109,11.967
3.965,2.268,6.233
0.714,8.095,8.808
0.053,0.050,0.103
5.714,6.659,12.372
4.143,1.128,5.271
1.341,2.853,4.194
4.723,4.624,9.347
1.317,7.931,9.249
5.578,9.597,15.174
3.112,8.995,12.107
1.304,4.885,6.189
2.678,4.009,6.687
1.268,2.474,3.743
6.136,6.966,13.103
10.365,0.654,11.019
1.209,7.383,8.592
0.449,4.162,4.611
0.924,8.047,8.971
0.925,4.988,5.913
3.278,2.741,6.019
0.704,8.868,9.572
0.039,0.914,0.954
1.707,5.205,6.912
6.027,7.393,13.421
2.766,8.366,11.132
14.544,5.477,20.021
4.860,5.673,10.533
5.950,7.749,13.699
6.314,4.341,10.655
1.384,9.287,10.671
1.152,1.150,2.302
0.197,7.020,7.217
2.000,5.499,7.499
1.730,7.798,9.528
0.477,3.004,3.481
2.314,1.730,4.044
0.060,7.033,7.093
0.532,7.767,8.299
3.235,9.634,12.868
3.622,1.040,4.662
2.938,0.450,3.389
1.635,4.930,6.565
0.758,6.642,7.400
2.868,5.951,8.819
0.629,7.086,7.715
0.736,7.903,8.639
4.573,3.478,8.051
9.817,4.361,14.177
2.793,7.148,9.941
1.053,2.714,3.767
11.889,6.925,18.814
0.874,7.950,8.824
0.925,6.746,7.671
1.763,4.746,6.509
6.417,5.881,12.298
2.979,9.409,12.388
0.971,3.605,4.576
5.174,5.745,10.919
0.165,9.834,9.999
2.631,6.478,9.108
2.663,5.709,8.372
0.594,5.510,6.104
1.892,8.412,10.305
3.120,3.953,7.073
9.600,6.909,16.509
2.769,1.704,4.474
0.026,4.360,4.386
4.385,3.493,7.878
6.322,8.026,14.349
0.190,0.831,1.021
3.379,5.336,8.715
13.360,9.350,22.710
1.026,8.608,9.634
1.616,1.679,3.295
0.124,7.949,8.073
1.226,1.135,2.362
0.983,3.912,4.895
2.428,7.087,9.514
3.397,0.647,4.045
1.749,5.416,7.166
17.422,5.909,23.331
5.092,4.539,9.631
0.561,1.346,1.907
6.368,4.569,10.937
1.398,5.176,6.575
1.898,1.112,3.010
3.829,3.140,6.969
0.394,6.049,6.443
5.559,7.192,12.751
1.367,1.028,2.396
0.175,1.279,1.455
0.749,7.164,7.913
0.397,3.248,3.644
2.897,5.966,8.863
0.777,3.896,4.672
2.379,2.309,4.688
2.528,1.451,3.979
3.692,6.688,10.381
2.816,1.609,4.424
9.909,0.973,10.882
0.391,9.820,10.211
0.591,0.987,1.578
1.979,5.845,7.824
0.425,9.914,10.339
4.438,4.090,8.528
4.795,3.200,7.995
0.174,9.002,9.176
1.790,5.879,7.670
1.162,9.546,10.708
3.415,3.281,6.696
1.077,4.086,5.163
3.043,0.257,3.300
0.060,6.580,6.640
0.503,1.115,1.617
0.402,2.776,3.178
4.035,6.084,10.119
7.930,9.689,17.618
3.167,5.798,8.965
0.540,8.486,9.026
2.683,0.279,2.962
3.794,1.263,5.057
5.026,4.946,9.972
4.403,9.930,14.332
4.732,1.622,6.354
2.332,5.251,7.583
2.235,5.748,7.983
0.163,6.928,7.091
3.340,1.193,4.533
1.211,1.988,3.198
4.443,7.645,12.088
2.802,6.359,9.161
1.005,7.396,8.401
7.977,4.343,12.320
1.033,7.437,8.470
2.159,2.390,4.550
1.435,5.685,7.120
7.912,6.413,14.325
1.023,5.437,6.459
12.151,1.376,13.527
1.990,6.560,8.550
1.098,4.131,5.229
1.379,3.468,4.847
1.739,5.850,7.589
3.263,2.512,5.775
2.433,9.884,12.317
0.371,3.358,3.729
1.714,4.358,6.073
0.981,9.869,10.851
1.573,4.325,5.897
0.060,7.155,7.215
1.560,5.249,6.809
1.352,2.247,3.599
8.382,1.112,9.494
1.928,2.973,4.902
0.457,0.601,1.058
3.574,1.964,5.538
0.081,6.111,6.192
9.118,9.524,18.642
0.626,3.616,4.241
10.521,8.430,18.952
0.920,0.122,1.041
0.208,6.535,6.743
3.086,6.766,9.852
3.618,9.978,13.595
1.440,3.026,4.467
0.238,6.896,7.134
0.114,4.726,4.840
0.465,9.394,9.858
2.049,9.333,11.382
4.281,0.609,4.890
3.684,7.846,11.530
0.329,4.398,4.728
0.267,3.993,4.260
0.108,5.713,5.821
2.798,6.741,9.539
0.842,6.787,7.629
7.266,0.698,7.964
0.222,4.765,4.988
0.599,5.837,6.436
4.444,1.592,6.036
0.058,2.191,2.249
0.131,5.557,5.689
2.105,0.806,2.911
7.636,6.698,14.333
8.399,2.084,10.483
1.232,8.357,9.589
0.333,0.444,0.777
0.883,2.535,3.418
0.411,3.594,4.004
7.738,1.963,9.702
2.013,6.576,8.590
1.601,7.116,8.717
9.565,2.337,11.902
0.720,3.290,4.009
3.741,6.634,10.376
11.250,0.930,12.180
6.259,0.403,6.662
8.391,5.640,14.031
5.621,6.304,11.925
2.531,5.843,8.374
1.436,2.584,4.021
8.140,7.539,15.678
0.153,4.429,4.582
3.322,1.429,4.751
5.306,5.695,11.001
1.064,6.637,7.702
3.663,0.733,4.396
0.717,7.033,7.750
7.047,2.086,9.134
3.878,2.252,6.130
0.958,9.125,10.084
0.423,2.932,3.355
3.560,9.745,13.305
0.948,9.787,10.735
1.399,7.690,9.089
7.107,8.508,15.616
0.220,5.253,5.473
2.731,8.218,10.949
0.196,8.380,8.576
1.128,7.863,8.991
0.745,0.843,1.587
1.406,7.194,8.600
4.681,6.566,11.247
0.083,5.347,5.430
0.299,1.699,1.999
2.595,2.899,5.493
3.049,3.985,7.035
14.195,6.953,21.148
4.255,3.247,7.502
3.601,7.003,10.604
6.043,4.815,10.859
0.104,9.774,9.878
2.284,8.973,11.257
0.069,9.536,9.605
8.876,1.775,10.651
1.789,8.616,10.405
6.338,6.713,13.052
2.000,7.074,9.074
8.091,7.354,15.445
9.101,5.581,14.682
0.347,0.357,0.704
1.964,8.932,10.897
0.020,8.388,8.408
2.286,1.690,3.977
4.825,2.383,7.207
2.051,9.826,11.877
0.025,7.909,7.934
5.577,9.454,15.031
1.667,5.986,7.653
1.585,3.363,4.948
11.517,7.175,18.692
2.074,5.471,7.545
2.200,1.253,3.452
6.667,1.441,8.109
1.953,0.666,2.620
1.121,3.470,4.590
7.371,8.007,15.378
2.119,9.387,11.506
9.310,8.096,17.406
4.808,1.862,6.670
3.192,8.147,11.339
2.959,3.573,6.532
8.838,9.807,18.646
0.400,5.511,5.911
3.589,8.709,12.298
1.759,6.766,8.525
1.200,3.172,4.371
6.001,3.149,9.151
0.025,5.028,5.052
5.220,0.130,5.350
2.849,0.465,3.314
4.646,5.991,10.637
0.963,7.507,8.470
1.003,7.869,8.872
3.886,6.007,9.893
0.804,8.798,9.602
2.948,0.140,3.088
1.468,5.422,6.890
3.384,7.763,11.148
0.995,9.689,10.684
0.304,5.150,5.454
1.492,7.133,8.625
0.973,8.548,9.521
6.380,3.352,9.732
1.159,8.887,10.045
0.251,5.805,6.056
8.227,2.570,10.797
0.078,7.190,7.268
2.576,8.099,10.674
2.581,0.521,3.101
7.408,1.924,9.331
3.670,4.147,7.817
0.113,4.110,4.223
2.720,9.863,12.583
1.060,9.959,11.018
0.673,1.065,1.739
1.341,9.773,11.114
4.997,5.316,10.312
4.882,5.592,10.474
0.989,5.874,6.862
0.695,8.448,9.143
1.288,0.462,1.749
4.070,2.710,6.780
0.933,8.885,9.818
18.109,3.579,21.689
2.479,0.447,2.926
0.879,2.971,3.850
1.094,5.579,6.672
7.224,8.557,15.781
1.866,1.300,3.166
4.784,1.947,6.732
0.335,9.760,10.095
9.457,3.148,12.604
0.463,7.007,7.470
3.337,1.942,5.279
1.077,9.693,10.770
0.991,7.638,8.629
4.677,5.334,10.011
2.083,7.221,9.304
0.200,6.065,6.264
8.766,9.222,17.988
5.187,8.978,14.166
2.298,4.844,7.142
2.000,3.062,5.062
0.179,7.607,7.786
0.483,7.955,8.438
3.441,2.116,5.557
2.595,9.937,12.532
4.402,2.353,6.755
2.104,3.731,5.835
0.304,6.979,7.283
0.732,2.156,2.888
3.121,0.006,3.127
1.986,3.146,5.132
1.080,7.151,8.230
0.885,3.355,4.240
1.556,7.334,8.890
1.202,6.247,7.449
2.317,6.245,8.562
0.370,3.360,3.730
1.302,8.478,9.780
0.534,2.111,2.645
10.315,5.284,15.599
3.107,2.521,5.628
0.514,3.033,3.547
2.678,5.038,7.716
1.894,9.638,11.532
2.584,0.583,3.167
0.911,6.771,7.682
4.446,2.051,6.498
0.177,3.429,3.606
1.087,1.799,2.886
0.451,0.347,0.798
0.671,0.814,1.485
2.181,4.329,6.511
2.682,3.242,5.924
9.263,2.376,11.639
1.982,5.614,7.596
10.925,2.831,13.755
3.123,2.488,5.612
6.738,9.280,16.018
1.173,6.623,7.796
1.352,2.682,4.034
0.798,8.264,9.062
0.960,2.635,3.595
0.581,2.833,3.414
1.125,7.494,8.619
3.893,7.394,11.287
3.903,4.081,7.984
3.727,5.306,9.033
1.065,2.024,3.090
2.348,1.013,3.361
2.404,1.208,3.612
0.717,7.977,8.694
1.381,0.149,1.530
2.310,1.890,4.199
2.532,6.425,8.957
1.272,3.867,5.139
1.908,3.195,5.103
3.277,9.555,12.833
0.049,6.984,7.033
2.654,1.125,3.779
1.256,1.718,2.974
1.454,5.434,6.888
2.324,5.492,7.817
3.287,2.933,6.220
0.088,8.736,8.824
12.783,1.780,14.564
2.697,0.918,3.616
0.966,6.405,7.371
3.997,5.660,9.658
0.144,3.888,4.032
2.887,4.849,7.737
12.564,6.760,19.324
2.061,4.107,6.168
8.849,8.299,17.148
4.251,7.860,12.110
2.070,5.580,7.650
1.698,4.489,6.186
2.603,5.598,8.201
1.918,7.225,9.143
1.203,1.337,2.540
0.126,3.090,3.216
3.947,2.152,6.099
3.067,2.718,5.785
3.641,3.039,6.680
2.466,3.065,5.531
2.720,9.772,12.492
8.368,7.489,15.857
1.325,9.696,11.021
3.125,4.061,7.186
20.432,6.384,26.816
0.292,7.001,7.293
1.300,6.212,7.511
8.302,8.157,16.459
3.107,6.034,9.140
0.034,2.573,2.607
2.945,5.570,8.514
0.067,2.537,2.604
13.719,8.636,22.355
2.133,2.676,4.808
2.147,7.870,10.016
3.654,4.891,8.545
1.132,0.463,1.596
1.208,4.148,5.356
1.552,0.241,1.793
3.519,8.628,12.147
2.210,1.135,3.345
0.175,3.018,3.193
0.142,1.752,1.894
4.103,2.397,6.500
0.663,9.735,10.397
0.404,4.548,4.952
3.748,6.108,9.857
3.196,0.724,3.920
0.514,9.123,9.637
1.479,0.756,2.235
0.403,9.836,10.239
4.744,0.875,5.619
1.072,9.394,10.466
4.196,9.372,13.567
4.593,1.036,5.628
3.601,8.312,11.913
5.536,7.015,12.551
3.429,3.986,7.415
4.244,4.681,8.925
0.003,9.341,9.345
1.470,5.214,6.684
2.404,1.533,3.937
4.048,2.389,6.438
1.215,0.188,1.404
3.274,7.639,10.914
0.295,9.610,9.904
2.844,7.340,10.184
6.086,7.484,13.570
0.117,9.722,9.840
4.009,0.446,4.455
1.798,0.487,2.285
0.101,1.727,1.828
0.142,7.731,7.873
2.745,5.747,8.491
0.478,6.738,7.215
4.074,6.687,10.761
3.133,7.787,10.920
0.407,9.630,10.037
2.006,9.946,11.952
2.232,1.165,3.397
1.837,5.568,7.405
0.532,1.701,2.232
1.741,0.684,2.424
0.647,5.634,6.281
0.699,1.682,2.381
1.827,9.047,10.874
1.866,9.777,11.644
0.015,6.004,6.019
7.866,3.585,11.450
1.035,8.034,9.069
2.587,8.251,10.838
4.241,2.820,7.061
5.412,3.774,9.186
0.378,8.352,8.730
0.168,4.642,4.809
0.475,4.522,4.997
0.527,2.539,3.066
0.519,2.822,3.342
5.327,4.280,9.607
1.316,9.205,10.521
3.987,4.412,8.399
4.893,2.159,7.052
2.972,6.275,9.248
1.057,4.294,5.350
4.947,4.773,9.719
0.296,5.871,6.167
0.107,5.503,5.610
7.735,0.191,7.926
0.119,8.285,8.404
1.989,5.464,7.453
0.765,4.239,5.004
0.874,3.687,4.561
8.680,9.821,18.501
7.814,7.343,15.157
4.064,1.490,5.554
0.715,5.391,6.106
3.675,6.722,10.397
0.526,5.398,5.924
12.615,1.234,13.850
3.746,6.346,10.092
0.386,1.256,1.642
7.358,4.279,11.637
2.639,2.447,5.086
6.769,5.208,11.977
3.213,1.156,4.369
1.877,3.753,5.630
0.501,0.458,0.959
3.289,5.036,8.325
1.783,6.567,8.350
0.471,4.273,4.744
5.947,0.714,6.661
0.290,1.238,1.528
2.857,2.820,5.677
0.691,3.936,4.627
2.844,1.147,3.991
4.054,9.213,13.267
1.045,9.912,10.957
0.197,0.374,0.570
0.990,9.703,10.693
1.544,9.960,11.504
5.347,6.442,11.789
0.607,2.725,3.332
0.065,2.096,2.162
1.659,6.967,8.625
4.652,5.622,10.274
0.099,1.058,1.157
5.940,2.610,8.550
1.194,5.943,7.137
2.367,0.138,2.505
0.991,7.897,8.888
2.455,2.890,5.345
0.351,6.888,7.239
0.050,0.939,0.988
1.589,7.682,9.271
1.535,2.765,4.300
3.843,1.580,5.423
4.104,3.427,7.531
3.991,9.057,13.048
0.786,4.254,5.040
8.840,1.126,9.966
2.725,7.458,10.183
8.470,0.505,8.975
0.671,3.033,3.703
0.703,8.067,8.770
0.612,9.330,9.942
5.488,9.542,15.030
7.081,2.173,9.254
0.403,6.054,6.457
7.551,0.025,7.576
4.221,5.669,9.890
1.623,4.695,6.318
2.616,3.210,5.827
0.974,5.019,5.993
3.571,5.249,8.820
4.843,0.633,5.476
2.280,5.666,7.946
0.297,7.330,7.627
13.102,3.764,16.866
1.351,3.791,5.141
3.042,4.173,7.215
7.335,1.551,8.886
2.638,7.275,9.913
1.948,1.418,3.365
4.875,3.081,7.957
3.896,2.154,6.050
1.471,8.371,9.841
0.315,4.736,5.051
2.740,8.932,11.672
1.688,3.643,5.331
9.199,9.538,18.737
6.912,9.980,16.892
0.817,9.090,9.908
4.025,5.384,9.409
0.938,0.075,1.013
2.537,9.076,11.614
0.415,2.972,3.387
0.869,4.666,5.536
8.047,7.569,15.616
2.420,8.934,11.355
1.355,1.274,2.629
7.018,3.613,10.631
1.111,7.396,8.507
2.145,0.632,2.777
0.840,4.113,4.953
2.124,0.643,2.768
3.629,8.091,11.720
0.610,8.680,9.290
0.069,1.270,1.339
2.159,2.575,4.733
3.392,2.194,5.586
6.103,3.558,9.662
2.502,2.348,4.850
3.885,7.119,11.004
1.067,6.688,7.755
1.663,3.636,5.299
6.568,6.227,12.795
0.765,0.564,1.329
1.133,3.470,4.603
0.588,3.034,3.622
1.393,4.499,5.891
2.376,7.830,10.207
10.196,5.149,15.345
1.970,2.589,4.559
0.287,6.061,6.348
1.905,0.494,2.399
3.379,8.931,12.309
0.756,6.633,7.389
2.899,9.085,11.984
4.031,6.590,10.621
0.646,1.387,2.032
5.953,7.286,13.238
1.411,1.207,2.617
1.641,7.451,9.092
3.796,9.984,13.780
11.303,2.088,13.392
0.017,9.949,9.966
7.529,6.036,13.565
4.999,8.744,13.743
1.056,5.915,6.971
3.586,1.801,5.387
2.480,7.299,9.780
1.160,8.217,9.377
0.067,0.800,0.868
9.077,5.732,14.809
5.432,4.663,10.095
0.812,2.647,3.460
0.151,3.274,3.425
5.174,8.637,13.811
1.294,5.717,7.011
2.772,3.969,6.741
0.011,0.179,0.190
2.236,9.825,12.061
4.473,5.641,10.114
1.174,1.833,3.007
9.263,4.203,13.466
0.612,4.636,5.248
6.696,3.753,10.449
2.810,2.415,5.225
1.444,8.139,9.583
0.709,8.212,8.922
6.310,9.372,15.683
4.990,5.545,10.534
6.617,9.720,16.337
2.766,3.509,6.275
0.486,6.326,6.812
1.413,3.063,4.476
5.883,2.018,7.901
2.500,9.358,11.857
0.016,9.603,9.619
0.379,7.431,7.810
0.941,0.576,1.516
1.192,5.582,6.774
1.195,9.471,10.666
5.812,6.811,12.623
0.521,1.872,2.393
0.438,1.346,1.785
0.335,1.085,1.420
3.794,1.122,4.916
2.836,3.746,6.582
2.714,6.411,9.125
1.571,0.995,2.567
5.043,8.235,13.279
1.569,6.901,8.470
1.741,9.498,11.238
1.720,1.861,3.581
2.742,5.306,8.048
3.563,7.977,11.540
1.992,9.046,11.038
1.533,3.189,4.722
0.492,2.556,3.048
0.902,9.641,10.543
5.720,6.276,11.996
2.216,3.942,6.157
2.357,5.485,7.842
0.847,9.772,10.619
3.315,3.012,6.328
3.786,6.498,10.284
4.062,1.249,5.311
1.320,3.415,4.735
1.514,2.176,3.691
4.775,0.942,5.717
2.994,8.909,11.903
0.066,1.611,1.677
14.886,7.986,22.871
1.422,1.664,3.086
0.816,7.574,8.391
9.822,7.381,17.203
0.148,1.802,1.950
8.348,3.601,11.949
0.288,5.009,5.297
0.093,9.505,9.598
3.544,3.227,6.771
0.658,4.282,4.940
5.272,8.543,13.815
0.456,8.244,8.699
3.490,3.372,6.862
0.831,5.805,6.636
0.305,5.744,6.049
6.265,8.236,14.501
1.581,4.163,5.744
1.750,6.199,7.949
5.388,1.958,7.346
4.468,9.896,14.364
5.634,0.717,6.352
0.047,1.179,1.226
5.781,7.149,12.930
3.168,7.400,10.568
3.912,6.072,9.985
1.502,7.589,9.091
11.139,1.403,12.542
2.641,1.466,4.107
0.233,8.936,9.168
0.247,4.313,4.559
0.870,8.974,9.844
1.987,6.789,8.776
4.288,0.339,4.627
0.841,8.596,9.438
2.725,4.142,6.867
0.151,6.109,6.261
0.551,9.528,10.080
0.227,2.287,2.514
2.988,4.149,7.137
0.682,5.406,6.089
1.810,4.350,6.160
0.191,6.811,7.003
3.761,1.093,4.854
6.063,0.792,6.856
0.562,3.233,3.795
2.911,5.108,8.019
1.008,0.271,1.279
1.382,6.036,7.418
0.319,6.495,6.815
3.150,2.087,5.237
0.206,1.011,1.216
2.382,4.615,6.997
4.649,5.816,10.465
4.914,3.225,8.139
2.055,4.491,6.546
7.035,8.024,15.058
2.999,2.810,5.810
3.254,0.055,3.308
0.626,8.607,9.232
3.514,2.468,5.982
0.793,9.390,10.182
2.897,5.522,8.419
0.277,5.300,5.578
0.158,5.633,5.791
0.634,8.753,9.387
1.352,0.262,1.614
1.772,0.287,2.059
1.064,6.189,7.254
5.528,5.877,11.404
0.092,9.423,9.515
0.669,5.432,6.101
1.240,9.203,10.443
1.524,0.466,1.990
0.479,2.740,3.219
4.173,5.012,9.184
0.494,1.193,1.687
0.439,9.647,10.087
0.545,4.147,4.693
5.893,5.933,11.825
3.142,7.428,10.570
4.047,4.066,8.113
0.327,3.572,3.899
6.297,3.937,10.234
1.371,4.436,5.807
2.308,4.679,6.987
2.078,7.793,9.871
5.467,0.568,6.034
2.928,5.805,8.733
0.096,2.107,2.203
1.892,2.570,4.462
4.689,2.278,6.967
4.727,0.886,5.613
3.114,2.361,5.475
0.865,5.013,5.878
1.048,2.463,3.510
0.648,0.347,0.996
3.109,3.529,6.638
1.940,4.489,6.430
3.743,5.845,9.588
1.759,4.836,6.595
5.489,4.808,10.297
2.333,3.022,5.355
2.287,3.036,5.322
3.666,6.713,10.379
4.641,4.955,9.596
0.270,4.580,4.850
0.614,5.709,6.323
1.315,9.809,11.124
4.851,6.899,11.750
7.031,4.275,11.306
2.434,0.597,3.031
1.865,8.578,10.443
0.991,5.061,6.052
1.047,0.234,1.280
5.790,2.761,8.551
5.357,5.005,10.362
6.271,8.443,14.715
1.447,9.491,10.938
1.813,6.906,8.720
6.504,3.410,9.914
4.640,3.285,7.925
2.226,5.275,7.501
0.916,2.648,3.564
2.055,9.150,11.204
5.158,2.544,7.702
1.107,8.217,9.324
1.205,0.109,1.314
1.671,1.834,3.505
4.085,8.320,12.405
10.509,6.202,16.711
1.282,7.426,8.708
3.243,0.672,3.915
0.403,6.500,6.904
0.111,1.818,1.929
5.399,9.497,14.896
0.233,5.921,6.154
3.878,0.200,4.078
6.877,6.413,13.289
13.113,5.824,18.937
3.180,6.246,9.426
13.063,0.444,13.507
1.767,9.192,10.959
1.937,4.281,6.218
0.409,8.250,8.659
4.440,7.459,11.899
0.899,1.806,2.705
10.254,0.170,10.425
2.648,1.259,3.906
1.132,1.246,2.379
2.917,0.336,3.254
0.335,0.455,0.790
6.032,1.452,7.484
1.903,7.120,9.023
3.810,8.088,11.897
2.761,1.688,4.449
1.005,2.135,3.140
3.787,9.832,13.619
2.145,2.571,4.717
2.439,6.962,9.401
1.419,9.309,10.727
1.294,6.926,8.220
5.774,1.466,7.240
1.314,8.250,9.564
0.110,6.941,7.051
2.246,9.981,12.227
1.780,8.026,9.807
2.078,9.877,11.955
2.021,3.607,5.628
1.629,8.268,9.897
7.597,8.958,16.555
2.655,8.076,10.730
2.534,9.118,11.652
1.777,2.852,4.629
1.627,2.055,3.682
0.973,9.301,10.274
4.435,7.801,12.236
1.330,5.577,6.908
1.941,5.777,7.718
2.917,1.222,4.139
1.292,0.662,1.954
0.400,5.686,6.086
0.973,0.827,1.800
1.330,8.222,9.553
4.234,3.165,7.399
0.701,5.997,6.699
0.887,5.513,6.400
3.898,7.049,10.947
0.893,2.544,3.438
0.655,0.160,0.815
2.388,2.806,5.193
3.175,7.002,10.177
1.842,4.845,6.686
3.532,3.617,7.149
0.027,0.317,0.343
0.679,6.156,6.835
1.501,5.580,7.081
3.198,2.334,5.532
2.816,3.883,6.699
2.466,0.619,3.085
2.368,4.332,6.700
1.248,3.143,4.391
15.486,4.189,19.675
0.320,1.415,1.736
3.978,1.512,5.491
0.590,0.574,1.164
3.754,2.476,6.230
0.489,8.287,8.776
5.379,8.749,14.128
0.534,8.481,9.015
1.691,0.218,1.908
3.465,3.050,6.515
4.217,1.153,5.369
6.360,1.866,8.226
6.062,8.252,14.314
3.558,5.782,9.339
11.427,2.623,14.050
2.829,9.292,12.121
4.096,5.600,9.696
2.966,8.998,11.964
1.341,4.527,5.868
1.661,3.873,5.535
0.062,6.717,6.779
4.859,7.338,12.197
6.522,3.680,10.203
4.161,8.473,12.635
0.702,3.567,4.270
0.972,2.424,3.396
1.361,4.100,5.460
2.162,5.346,7.508
5.425,9.312,14.737
1.127,7.775,8.902
0.195,0.651,0.847
2.258,3.973,6.231
5.628,2.281,7.909
0.319,4.540,4.860
0.647,8.068,8.715
3.149,8.891,12.040
3.576,6.731,10.308
7.563,5.350,12.913
0.322,6.066,6.388
0.382,0.893,1.275
4.097,3.002,7.099
6.959,6.025,12.983
5.762,9.526,15.287
7.362,3.620,10.981
4.445,6.488,10.933
0.825,1.385,2.210
0.920,7.944,8.864
0.270,5.941,6.211
6.041,2.275,8.317
2.011,0.980,2.991
2.641,6.405,9.046
0.239,2.027,2.266
0.982,7.607,8.588
2.462,9.273,11.734
4.749,0.775,5.525
1.594,9.840,11.433
2.261,6.139,8.400
4.970,4.366,9.336
3.858,8.642,12.500
3.084,6.569,9.654
2.162,1.895,4.057
2.246,3.279,5.526
0.443,1.699,2.142
0.376,2.605,2.980
3.000,5.551,8.551
9.508,3.201,12.709
2.912,9.622,12.534
0.121,9.173,9.293
5.668,0.307,5.974
0.685,8.504,9.190
4.474,3.031,7.505
4.495,3.089,7.584
2.412,6.213,8.625
0.640,8.647,9.287
3.592,3.385,6.977
0.618,0.071,0.689
6.847,3.918,10.765
2.912,5.999,8.911
0.811,1.987,2.797
1.363,9.846,11.209
3.432,5.428,8.860
0.813,1.558,2.371
3.428,6.770,10.198
0.979,6.444,7.423
2.294,8.220,10.514
0.701,5.932,6.633
0.327,3.528,3.856
3.612,6.645,10.257
1.959,6.384,8.343
1.835,1.144,2.979
0.990,6.110,7.100
0.216,5.304,5.520
1.285,1.176,2.461
2.249,4.007,6.255
1.028,2.805,3.833
3.355,6.387,9.741
2.721,9.535,12.256
2.630,2.880,5.510
1.249,6.558,7.807
3.810,2.385,6.195
4.416,4.776,9.191
0.115,5.804,5.920
0.136,4.248,4.384
2.253,0.377,2.630
4.071,3.859,7.931
0.221,1.584,1.805
8.699,9.401,18.100
3.414,8.063,11.476
0.155,9.051,9.206
3.721,9.623,13.344
1.009,1.229,2.238
1.713,8.443,10.155
1.371,4.266,5.637
9.540,9.709,19.249
2.473,6.497,8.970
1.807,4.199,6.006
0.056,6.487,6.544
5.436,3.084,8.520
2.031,6.848,8.880
2.973,6.039,9.012
0.789,6.671,7.461
5.253,8.699,13.952
6.093,1.083,7.176
2.751,8.717,11.469
2.958,7.010,9.969
0.907,6.868,7.775
3.881,4.273,8.155
1.106,4.014,5.120
3.431,4.659,8.091
3.866,0.589,4.455
2.007,0.410,2.417
2.525,6.409,8.933
2.144,6.631,8.775
2.504,3.076,5.580
2.937,7.433,10.370
0.408,1.178,1.587
1.356,1.194,2.550
8.274,5.608,13.882
2.885,7.284,10.168
0.497,1.204,1.701
0.943,1.745,2.689
7.003,8.845,15.849
4.509,6.980,11.488
2.492,3.311,5.804
0.034,0.857,0.891
0.639,8.442,9.080
3.754,8.422,12.176
1.281,1.038,2.319
3.633,0.390,4.022
0.863,2.512,3.375
0.544,4.687,5.231
12.872,4.516,17.388
2.373,5.640,8.012
2.433,6.934,9.367
6.694,5.554,12.249
1.631,3.167,4.799
7.804,0.716,8.520
1.499,5.953,7.452
3.725,7.895,11.620
1.354,4.231,5.585
4.122,1.092,5.214
6.293,4.135,10.429
1.436,7.629,9.064
4.433,0.643,5.076
8.971,7.860,16.831
4.792,1.509,6.300
6.414,1.750,8.164
2.907,8.190,11.098
0.060,9.537,9.597
1.107,7.032,8.139
2.379,8.951,11.330
2.075,7.823,9.898
2.204,6.460,8.665
3.477,2.429,5.905
0.357,0.662,1.019
1.750,2.941,4.691
1.491,4.498,5.989
2.351,7.340,9.692
0.782,7.901,8.683
0.526,5.302,5.828
1.536,6.770,8.306
3.861,1.608,5.469
6.470,3.957,10.427
9.211,8.867,18.078
4.496,7.337,11.833
1.447,1.756,3.203
0.002,4.269,4.271
2.072,6.478,8.550
9.068,1.362,10.430
4.670,5.730,10.400
2.975,3.729,6.704
4.215,2.376,6.591
0.703,5.380,6.083
1.659,9.785,11.445
0.698,7.212,7.911
0.091,3.807,3.899
1.391,0.795,2.185
4.043,8.189,12.232
0.253,3.867,4.120
2.336,9.913,12.249
0.692,1.685,2.377
2.074,3.343,5.417
0.806,1.416,2.222
1.475,0.062,1.537
4.642,1.969,6.611
0.480,5.273,5.753
1.402,2.464,3.866
3.422,2.474,5.896
3.901,5.992,9.893
9.543,2.711,12.254
8.966,1.858,10.823
2.954,1.897,4.851
2.002,6.051,8.053
4.647,9.265,13.911
3.004,6.615,9.619
0.973,7.453,8.426
6.598,8.342,14.940
0.899,6.423,7.322
0.216,9.996,10.213
0.928,6.685,7.612
0.607,3.828,4.435
2.269,6.726,8.995
3.052,6.260,9.312
10.453,4.447,14.899
0.760,3.572,4.333
1.331,7.542,8.872
3.022,4.214,7.236
0.042,4.692,4.734
4.020,6.758,10.778
3.121,4.445,7.566
3.097,9.198,12.295
0.660,8.528,9.188
1.996,4.357,6.353
7.523,0.475,7.998
0.742,4.364,5.106
1.017,9.661,10.678
20.073,3.791,23.863
2.227,2.266,4.493
5.375,6.397,11.773
0.131,5.588,5.719
3.269,7.335,10.605
1.445,1.503,2.948
0.395,1.364,1.759
3.018,8.124,11.142
0.510,9.582,10.092
6.226,7.908,14.134
0.225,4.946,5.171
3.484,5.912,9.396
2.581,6.883,9.464
4.127,6.020,10.147
0.165,8.436,8.601
2.589,6.979,9.569
0.627,9.518,10.144
0.973,2.826,3.799
3.547,8.707,12.253
2.409,9.426,11.835
1.956,7.619,9.575
6.796,8.658,15.454
1.154,0.714,1.868
13.231,7.042,20.273
0.274,4.773,5.046
2.872,7.411,10.283
0.111,4.359,4.469
0.913,0.900,1.812
0.528,8.166,8.694
0.755,9.627,10.382
5.161,2.020,7.182
10.043,3.912,13.955
6.856,1.678,8.534
2.566,0.047,2.613
0.419,3.592,4.011
0.954,0.801,1.755
0.481,5.858,6.339
2.819,7.978,10.797
0.135,6.123,6.258
9.240,5.652,14.891
4.075,1.759,5.834
3.179,8.475,11.654
3.030,9.705,12.735
1.345,2.737,4.082
8.494,7.467,15.961
7.001,0.544,7.545
1.286,1.686,2.972
0.489,2.889,3.378
4.084,1.839,5.923
0.409,2.193,2.602
3.642,1.376,5.019
1.586,7.110,8.696
1.213,4.840,6.053
12.335,6.445,18.781
3.239,3.791,7.030
1.082,7.062,8.144
0.117,5.296,5.414
5.725,3.934,9.658
4.378,8.215,12.593
7.454,3.903,11.356
0.527,7.104,7.631
1.908,9.807,11.715
5.149,4.934,10.083
0.872,9.391,10.263
2.438,6.626,9.064
1.782,2.926,4.708
0.359,1.934,2.293
0.429,1.904,2.333
0.136,0.920,1.055
2.100,6.249,8.350
0.192,0.474,0.666
0.657,2.534,3.191
8.830,9.098,17.929
8.899,9.626,18.525
8.718,0.167,8.885
2.595,1.256,3.851
5.422,4.497,9.918
0.445,2.877,3.321
0.936,2.507,3.443
6.256,7.138,13.394
0.914,9.485,10.399
10.377,0.960,11.337
0.717,8.716,9.433
3.509,3.332,6.841
4.653,6.683,11.335
1.175,0.058,1.233
2.263,8.850,11.113
3.860,6.879,10.739
3.355,9.265,12.620
0.111,6.142,6.253
2.811,9.034,11.846
1.813,7.747,9.560
1.838,7.604,9.441
3.825,8.433,12.259
10.409,6.108,16.517
4.707,3.299,8.006
1.236,4.499,5.735
1.605,7.096,8.701
0.935,6.523,7.458
9.669,1.584,11.253
7.248,1.690,8.937
0.410,8.010,8.421
2.686,6.850,9.535
0.242,3.105,3.346
2.214,7.090,9.304
3.344,1.940,5.284
1.101,6.368,7.469
3.247,5.427,8.674
8.124,8.344,16.468
6.613,5.203,11.816
4.340,2.355,6.695
0.860,6.605,7.465
2.195,4.510,6.705
4.301,0.126,4.427
4.179,6.562,10.741
4.281,8.056,12.336
9.368,3.143,12.511
0.923,7.367,8.290
0.507,1.061,1.568
3.075,9.331,12.406
1.460,1.072,2.532
0.410,3.984,4.394
10.414,8.355,18.769
3.842,9.833,13.676
5.832,4.372,10.204
0.889,7.866,8.755
1.131,6.921,8.052
6.240,9.605,15.846
0.496,0.340,0.836
1.173,5.570,6.743
1.906,4.990,6.896
3.864,4.260,8.124
4.537,3.306,7.844
3.095,1.839,4.934
0.086,8.634,8.720
0.117,8.743,8.860
0.348,0.313,0.662
0.222,3.114,3.336
4.754,9.192,13.946
4.611,8.861,13.472
0.558,4.762,5.320
5.538,9.088,14.626
4.056,1.091,5.146
0.922,9.893,10.815
0.244,3.776,4.020
1.093,4.357,5.450
5.929,0.432,6.361
4.605,6.329,10.935
2.968,1.526,4.495
0.212,1.980,2.193
0.999,7.996,8.995
0.537,1.246,1.783
3.024,8.241,11.265
6.393,8.433,14.826
3.340,3.377,6.717
1.202,0.427,1.629
1.853,6.845,8.698
0.674,1.310,1.984
0.545,2.360,2.905
0.033,2.042,2.075
0.276,1.146,1.422
2.695,7.431,10.126
0.765,6.782,7.546
0.043,6.334,6.377
0.775,2.237,3.011
2.912,9.255,12.168
4.616,7.174,11.789
0.770,6.258,7.028
9.514,6.231,15.744
0.483,9.535,10.018
0.235,1.780,2.015
3.714,5.247,8.962
3.625,7.844,11.469
7.088,4.584,11.672
1.003,4.329,5.332
3.288,0.543,3.831
0.341,5.153,5.494
0.250,5.651,5.901
4.347,4.380,8.727
0.338,5.580,5.917
3.026,5.791,8.817
10.537,3.385,13.922
2.136,2.327,4.463
0.705,3.002,3.707
12.561,4.189,16.750
3.562,5.772,9.333
6.598,7.292,13.890
5.247,6.319,11.566
4.080,6.810,10.890
4.379,3.613,7.993
0.151,6.545,6.697
3.002,0.515,3.517
0.313,9.408,9.721
1.198,9.026,10.224
7.132,1.216,8.348
5.702,7.829,13.532
0.205,5.141,5.347
0.442,0.826,1.267
2.178,6.025,8.203
3.282,1.178,4.461
2.879,9.602,12.480
0.555,8.664,9.219
0.727,4.545,5.272
1.900,5.964,7.864
1.992,7.570,9.562
2.867,8.246,11.113
1.833,1.125,2.958
2.126,3.934,6.060
14.358,8.462,22.820
2.898,3.405,6.303
3.595,6.016,9.612
1.463,1.951,3.413
1.141,4.635,5.777
1.076,9.747,10.824
1.473,4.610,6.083
0.691,0.292,0.983
9.000,9.115,18.115
5.824,1.954,7.777
0.284,2.618,2.901
3.972,4.889,8.861
5.517,0.141,5.658
3.318,0.895,4.213
0.172,4.988,5.160
0.294,0.438,0.732
0.099,8.037,8.136
4.857,4.867,9.724
1.139,0.461,1.599
1.756,0.377,2.133
6.729,1.337,8.065
5.240,7.027,12.267
1.737,4.157,5.894
0.346,7.597,7.944
3.568,8.589,12.157
2.287,7.799,10.086
6.508,5.248,11.756
0.347,4.219,4.566
1.295,8.002,9.297
2.415,2.177,4.592
2.906,8.698,11.604
0.631,4.855,5.486
0.589,5.154,5.744
1.217,4.057,5.274
1.169,1.654,2.823
6.456,6.854,13.310
6.195,3.317,9.513
0.028,1.869,1.896
6.014,7.631,13.645
0.669,2.175,2.844
0.174,7.620,7.795
7.539,8.805,16.344
2.931,1.328,4.258
0.502,3.777,4.279
0.608,4.784,5.391
5.300,9.439,14.739
8.309,1.209,9.518
1.099,6.021,7.120
0.342,3.599,3.940
0.940,2.949,3.889
0.543,6.244,6.786
10.733,5.865,16.597
3.409,1.444,4.853
2.295,2.957,5.253
3.673,2.270,5.943
3.813,1.170,4.983
0.281,4.740,5.021
3.874,8.918,12.792
1.333,5.257,6.590
8.239,9.515,17.754
8.714,0.643,9.357
7.814,6.196,14.010
10.264,3.696,13.960
1.624,6.957,8.581
7.937,8.308,16.245
1.672,9.079,10.751
1.128,1.798,2.926
8.981,9.684,18.665
1.064,9.640,10.704
2.544,5.730,8.274
2.695,0.607,3.302
0.707,8.059,8.766
0.029,4.492,4.520
10.143,4.739,14.882
6.796,9.009,15.805
1.130,7.546,8.676
4.293,5.572,9.865
4.169,9.342,13.510
0.157,7.190,7.346
3.800,8.197,11.998
2.763,5.761,8.524
3.826,2.726,6.553
4.921,2.025,6.946
0.815,7.323,8.138
1.794,4.166,5.960
6.304,3.585,9.888
0.325,0.420,0.744
0.018,4.451,4.469
0.291,3.336,3.627
5.265,5.745,11.010
7.068,2.895,9.963
4.197,1.453,5.650
0.764,9.153,9.917
1.357,3.291,4.648
2.212,5.627,7.839
0.197,8.607,8.804
5.339,6.485,11.824
1.223,7.110,8.333
4.717,2.143,6.860
2.900,9.904,12.804
0.664,9.169,9.833
7.938,0.103,8.041
1.910,4.221,6.131
1.747,6.834,8.581
2.370,0.923,3.292
0.016,5.868,5.885
0.106,2.133,2.238
1.765,6.101,7.866
0.205,2.248,2.453
0.928,5.999,6.927
0.129,3.995,4.124
0.734,1.848,2.581
3.689,6.143,9.831
0.916,9.243,10.159
5.771,0.140,5.912
3.581,4.245,7.826
0.622,8.118,8.741
0.682,7.685,8.367
3.511,5.577,9.089
3.600,3.012,6.612
16.486,6.308,22.794
4.131,3.012,7.142
3.885,7.341,11.226
1.359,1.112,2.470
1.253,0.976,2.229
4.531,1.828,6.358
4.902,3.722,8.624
8.433,3.071,11.505
2.938,2.670,5.608
1.473,3.259,4.732
0.780,3.754,4.535
4.399,0.819,5.218
1.418,0.246,1.665
0.994,6.939,7.933
7.490,3.895,11.385
1.143,8.861,10.004
2.015,0.696,2.711
3.625,2.832,6.457
2.419,2.542,4.961
1.245,4.155,5.400
2.872,3.421,6.293
2.543,4.914,7.457
1.813,5.180,6.994
0.547,0.854,1.401
1.834,3.455,5.289
9.370,6.731,16.101
0.850,7.246,8.096
0.437,8.890,9.327
0.460,0.255,0.714
0.798,1.633,2.431
4.393,9.473,13.866
7.497,6.794,14.290
1.124,1.167,2.291
1.686,8.569,10.255
0.437,6.726,7.163
6.509,3.154,9.663
0.018,4.262,4.280
4.370,2.045,6.415
27.842,6.258,34.100
0.181,4.629,4.810
2.168,6.263,8.431
2.743,9.356,12.099
0.081,5.252,5.333
1.967,3.578,5.545
1.661,9.552,11.213
1.541,9.687,11.228
1.504,8.360,9.864
0.325,9.559,9.884
1.880,0.894,2.774
2.425,5.318,7.743
1.685,4.560,6.245
1.182,6.258,7.440
3.200,8.883,12.083
4.443,4.593,9.035
7.118,5.094,12.212
0.904,9.165,10.069
11.058,6.270,17.329
0.017,6.492,6.509
6.652,6.896,13.549
0.730,4.967,5.698
1.957,7.606,9.563
2.120,2.577,4.697
1.800,1.589,3.389
6.460,4.716,11.176
4.226,1.970,6.196
1.587,7.197,8.784
0.932,8.221,9.153
4.550,5.897,10.448
2.424,8.692,11.116
0.516,7.554,8.070
3.362,4.160,7.522
3.562,3.532,7.093
0.591,5.493,6.085
5.801,2.264,8.065
4.815,5.831,10.647
13.735,5.530,19.265
0.298,7.153,7.451
1.052,0.619,1.670
3.614,5.170,8.784
3.299,9.939,13.238
6.301,9.829,16.131
0.051,7.014,7.066
2.467,2.831,5.298
8.191,3.055,11.246
2.265,8.892,11.156
3.422,8.366,11.788
2.421,9.979,12.400
0.553,5.764,6.318
4.750,1.907,6.656
1.927,2.551,4.479
0.527,0.064,0.591
7.831,2.795,10.627
4.890,3.275,8.165
3.304,8.591,11.894
7.351,1.245,8.596
0.856,2.664,3.520
3.863,8.696,12.559
5.624,2.498,8.122
0.412,2.434,2.846
1.692,8.982,10.674
0.729,8.742,9.471
7.577,7.870,15.447
0.008,2.026,2.034
1.902,2.926,4.828
2.050,0.070,2.120
0.203,7.148,7.351
1.217,8.594,9.811
0.567,9.768,10.335
0.358,2.317,2.675
5.481,2.439,7.920
5.200,8.181,13.381
0.903,7.584,8.488
1.940,4.921,6.861
2.721,5.626,8.347
0.341,5.595,5.936
8.367,6.885,15.253
1.534,8.139,9.673
6.412,2.780,9.191
0.020,0.261,0.280
2.778,4.218,6.996
0.485,4.344,4.829
2.181,2.376,4.557
1.321,7.441,8.762
0.320,6.223,6.543
0.467,8.131,8.598
1.241,0.744,1.985
3.812,2.439,6.251
1.040,6.841,7.881
1.836,7.633,9.469
9.488,7.442,16.930
1.062,9.485,10.547
0.294,4.739,5.033
2.651,6.453,9.104
4.849,4.732,9.581
0.136,7.034,7.170
0.811,1.472,2.283
0.309,7.952,8.261
1.708,0.841,2.549
6.206,9.956,16.161
2.152,0.657,2.809
2.145,4.115,6.260
1.416,6.032,7.447
3.340,8.575,11.915
8.077,1.243,9.320
2.059,8.577,10.636
0.687,4.245,4.932
1.736,1.509,3.245
8.654,6.697,15.351
0.467,2.905,3.372
4.450,5.936,10.385
0.111,3.212,3.322
3.481,9.871,13.352
2.406,4.323,6.728
5.064,5.909,10.974
1.361,3.006,4.367
0.464,1.796,2.260
6.044,1.477,7.520
0.729,2.946,3.675
10.708,9.088,19.796
3.821,8.795,12.616
0.868,5.640,6.508
0.350,0.098,0.448
2.526,5.905,8.432
0.781,4.913,5.694
1.331,8.373,9.704
0.620,3.829,4.449
1.327,4.233,5.561
3.989,6.910,10.899
0.348,6.692,7.040
0.066,3.379,3.445
1.188,0.644,1.832
0.071,6.340,6.411
3.825,7.294,11.119
2.547,5.549,8.096
2.001,6.323,8.324
3.588,5.357,8.945
0.405,5.042,5.448
6.011,2.126,8.137
1.683,3.924,5.607
7.411,9.683,17.094
9.894,6.284,16.179
1.613,0.403,2.016
6.901,8.141,15.042
0.154,0.085,0.239
0.094,2.400,2.494
4.087,1.664,5.751
8.204,4.116,12.320
9.496,8.263,17.759
1.039,2.226,3.265
1.691,9.451,11.142
4.763,7.212,11.975
1.509,9.498,11.007
0.948,7.828,8.775
0.999,1.976,2.975
0.413,7.548,7.961
5.072,5.874,10.947
5.471,3.163,8.634
8.452,8.954,17.407
6.649,9.103,15.751
6.596,4.231,10.827
0.826,7.326,8.152
6.722,7.510,14.232
1.013,8.456,9.469
5.898,6.766,12.664
1.140,6.093,7.232
4.785,6.040,10.826
4.187,1.541,5.729
0.334,4.507,4.841
4.510,6.930,11.440
0.659,3.851,4.509
0.190,5.868,6.058
8.477,2.011,10.488
1.964,4.896,6.861
5.438,7.218,12.656
0.133,2.120,2.253
1.321,2.219,3.539
0.374,2.963,3.336
0.668,6.849,7.517
4.105,5.769,9.874
5.950,2.981,8.931
1.036,6.700,7.736
2.596,6.593,9.188
0.800,3.162,3.962
1.934,8.341,10.275
1.163,3.656,4.819
6.040,1.687,7.728
0.339,0.284,0.623
3.480,4.455,7.935
11.421,0.388,11.808
2.214,3.970,6.184
0.785,0.207,0.992
0.126,5.949,6.075
2.288,2.855,5.142
0.244,8.106,8.349
1.623,1.207,2.830
7.744,6.516,14.260
0.050,2.940,2.990
4.150,7.911,12.061
2.007,7.999,10.006
0.253,1.405,1.658
0.991,9.388,10.379
1.157,3.341,4.499
0.969,9.281,10.250
8.215,2.230,10.444
0.858,3.843,4.700
1.037,7.028,8.066
0.585,0.054,0.640
4.783,2.154,6.937
6.678,7.936,14.614
3.548,2.385,5.933
6.674,1.810,8.484
0.281,8.119,8.400
0.594,5.497,6.090
1.133,8.018,9.151
3.507,1.126,4.633
7.747,3.486,11.233
0.339,5.639,5.978
9.700,3.442,13.142
6.118,4.458,10.576
0.436,5.303,5.739
1.405,6.242,7.646
1.288,2.765,4.053
1.106,5.286,6.392
1.413,1.995,3.408
2.015,5.072,7.087
1.381,7.361,8.743
4.909,1.619,6.528
0.752,3.223,3.974
2.654,2.219,4.872
0.329,0.875,1.204
3.839,6.676,10.515
0.168,2.012,2.180
5.359,8.027,13.386
4.715,4.230,8.945
9.233,2.175,11.408
1.989,3.031,5.021
0.387,2.516,2.903
5.847,9.945,15.792
0.890,4.120,5.011
1.731,7.452,9.183
0.615,9.158,9.774
0.219,1.028,1.247
4.627,5.316,9.942
0.392,5.576,5.969
1.874,1.377,3.252
2.502,7.665,10.167
0.825,1.626,2.450
8.173,7.830,16.003
1.083,7.254,8.337
1.403,8.206,9.608
0.948,4.756,5.703
0.985,1.477,2.462
1.584,7.903,9.487
0.484,5.394,5.878
3.516,7.346,10.862
4.497,6.752,11.249
4.577,8.408,12.985
2.932,3.232,6.164
1.253,7.326,8.579
0.334,2.599,2.933
2.985,7.534,10.519
7.357,6.523,13.880
4.174,9.305,13.479
5.189,6.161,11.351
8.542,1.605,10.148
1.395,2.759,4.155
0.551,0.448,0.999
0.680,2.697,3.377
3.000,7.848,10.848
4.181,7.702,11.883
2.150,3.354,5.504
6.687,4.483,11.170
1.549,3.405,4.954
0.271,6.398,6.669
3.274,7.493,10.767
0.988,4.450,5.438
9.836,4.295,14.131
6.897,5.059,11.956
3.539,1.047,4.585
1.900,6.731,8.631
1.783,2.629,4.412
2.826,8.097,10.923
1.413,2.835,4.248
1.587,9.705,11.292
5.171,3.560,8.731
1.602,4.921,6.523
1.622,1.125,2.747
6.780,5.816,12.596
1.057,9.390,10.447
0.308,1.798,2.106
1.124,3.609,4.733
0.976,1.786,2.762
0.162,7.098,7.260
2.150,3.043,5.193
4.955,1.452,6.408
8.545,1.783,10.328
2.435,7.126,9.561
0.945,5.150,6.095
2.849,1.910,4.759
0.346,3.367,3.713
0.362,6.844,7.206
5.951,8.866,14.817
8.826,4.955,13.780
2.462,7.793,10.255
0.494,3.890,4.384
6.248,9.418,15.665
0.217,7.907,8.124
0.093,9.913,10.007
0.920,1.917,2.837
1.552,0.732,2.284
0.354,1.528,1.882
4.227,3.244,7.471
0.095,5.513,5.608
3.444,8.626,12.069
1.646,0.060,1.706
2.839,6.607,9.446
1.243,3.938,5.181
2.740,5.374,8.114
4.159,4.720,8.880
0.660,9.992,10.652
1.520,7.223,8.743
1.775,4.595,6.369
1.007,1.849,2.855
0.410,2.394,2.804
1.202,0.414,1.616
1.239,2.322,3.561
5.511,2.533,8.044
1.760,5.401,7.161
1.869,8.262,10.131
0.532,6.866,7.398
1.148,6.267,7.415
0.551,4.733,5.284
0.520,4.677,5.197
0.804,1.937,2.741
2.566,5.907,8.474
1.803,2.503,4.306
7.363,7.612,14.974
2.653,9.704,12.357
12.271,6.988,19.259
0.146,6.905,7.051
1.925,4.090,6.016
2.319,5.121,7.440
0.869,0.937,1.806
0.906,2.437,3.343
1.274,8.290,9.564
0.954,1.476,2.430
7.467,8.899,16.366
2.121,8.268,10.388
6.333,3.530,9.863
4.083,1.664,5.747
4.505,0.474,4.979
0.118,3.680,3.798
0.216,4.957,5.174
3.222,5.472,8.694
1.087,9.676,10.763
0.833,0.687,1.520
0.481,4.888,5.370
6.411,0.122,6.533
2.023,0.632,2.655
1.771,8.028,9.799
0.486,4.627,5.113
2.308,7.575,9.883
0.429,0.958,1.388
5.251,0.815,6.066
2.605,6.545,9.150
0.047,8.225,8.272
3.984,9.284,13.268
1.674,4.904,6.578
0.014,7.008,7.022
2.551,5.072,7.623
0.242,6.078,6.319
4.418,6.804,11.222
3.690,9.958,13.649
0.870,6.571,7.440
2.635,2.463,5.098
1.588,7.112,8.699
8.158,6.902,15.059
0.026,8.763,8.789
1.124,1.372,2.496
0.183,7.141,7.324
0.129,5.034,5.163
0.539,6.378,6.917
2.927,0.869,3.796
5.325,0.858,6.183
1.263,6.042,7.305
0.795,6.189,6.984
2.549,0.923,3.472
0.649,7.838,8.487
5.948,0.875,6.824
2.553,9.612,12.164
0.741,1.432,2.173
0.448,9.692,10.141
4.596,3.388,7.984
0.053,5.807,5.860
5.871,3.601,9.472
0.891,1.258,2.148
4.725,1.601,6.326
3.312,6.342,9.653
1.495,0.007,1.502
0.283,2.713,2.996
3.069,3.355,6.424
1.286,4.020,5.306
2.718,6.295,9.013
0.260,7.281,7.540
0.466,9.753,10.219
1.037,5.743,6.780
1.927,0.809,2.736
11.902,7.458,19.360
2.130,1.317,3.448
3.025,0.343,3.368
2.740,0.827,3.567
2.372,4.250,6.622
1.122,5.936,7.058
1.982,2.090,4.072
3.108,6.203,9.311
0.522,1.657,2.179
0.624,1.119,1.743
3.066,2.000,5.066
1.758,4.760,6.518
0.142,0.454,0.596
2.507,9.415,11.922
1.248,3.990,5.238
1.679,8.255,9.935
3.099,5.296,8.395
6.132,5.020,11.152
3.247,2.338,5.584
5.582,4.309,9.891
4.431,2.463,6.894
4.002,2.867,6.869
1.964,9.521,11.485
7.252,2.765,10.017
0.372,1.376,1.748
3.395,6.636,10.031
5.116,7.025,12.141
6.381,4.798,11.179
0.501,8.443,8.945
0.930,6.061,6.991
4.057,0.229,4.286
2.245,6.772,9.017
3.722,6.331,10.052
0.878,9.331,10.210
0.730,2.718,3.448
2.412,0.381,2.793
5.510,5.173,10.683
2.181,5.739,7.920
0.108,0.524,0.632
2.930,7.672,10.602
3.600,3.070,6.669
1.616,0.574,2.189
1.548,4.677,6.225
1.844,2.384,4.228
0.835,5.663,6.498
1.158,8.213,9.371
6.927,5.439,12.367
1.318,2.891,4.209
1.916,8.647,10.563
7.803,3.069,10.873
7.763,6.945,14.708
2.664,8.926,11.590
5.054,9.685,14.738
3.998,2.921,6.918
0.901,9.959,10.860
0.797,9.667,10.464
0.760,2.444,3.204
0.309,6.398,6.707
0.349,6.931,7.280
2.473,8.844,11.317
1.398,4.191,5.589
3.215,9.082,12.297
4.491,3.064,7.555
0.796,6.567,7.363
8.594,7.482,16.075
4.265,1.689,5.954
3.763,0.056,3.819
1.067,2.906,3.973
0.150,7.466,7.616
1.529,1.592,3.122
6.899,9.899,16.798
1.217,6.321,7.538
4.585,8.099,12.684
2.565,3.192,5.757
7.081,9.818,16.899
2.476,7.246,9.721
1.734,6.992,8.726
3.198,2.624,5.822
2.232,2.303,4.535
6.723,4.199,10.921
0.511,8.610,9.120
10.087,4.539,14.627
15.864,8.332,24.196
4.848,9.211,14.059
1.843,3.612,5.455
0.184,8.595,8.779
2.037,4.542,6.579
0.388,8.687,9.075
0.353,2.292,2.645
0.317,5.922,6.239
1.217,9.153,10.370
1.425,5.248,6.673
0.540,2.144,2.684
1.061,0.420,1.481
4.452,7.717,12.169
2.700,2.286,4.986
0.810,0.769,1.578
0.287,4.628,4.915
1.090,7.686,8.776
2.799,4.121,6.920
4.647,1.091,5.738
8.235,9.605,17.840
2.916,9.055,11.971
4.477,4.275,8.752
6.183,4.514,10.698
0.655,9.862,10.517
3.639,2.194,5.833
0.504,7.925,8.428
2.339,8.992,11.331
2.249,3.758,6.007
2.149,5.424,7.573
1.508,7.339,8.847
1.811,9.842,11.653
3.134,9.255,12.389
1.006,6.880,7.886
1.892,3.785,5.677
5.177,1.413,6.590
3.992,5.371,9.363
7.706,0.995,8.701
0.237,7.146,7.383
0.815,3.269,4.083
1.812,1.441,3.253
1.741,7.349,9.090
7.924,9.607,17.531
0.452,3.680,4.132
0.650,7.872,8.521
0.639,2.227,2.866
1.265,0.815,2.080
0.307,8.273,8.580
2.144,5.201,7.346
2.064,9.798,11.862
0.901,5.084,5.985
1.341,7.428,8.769
2.506,8.113,10.619
3.532,7.796,11.328
4.673,4.797,9.471
0.402,9.532,9.935
2.845,9.445,12.290
3.659,7.185,10.845
1.235,2.615,3.850
1.199,6.580,7.780
1.636,0.778,2.414
1.229,3.755,4.984
1.162,2.420,3.583
1.278,1.912,3.190
3.804,0.168,3.972
3.240,1.714,4.954
2.648,7.406,10.055
5.728,3.087,8.814
2.285,2.213,4.498
6.366,9.704,16.070
3.396,8.015,11.411
0.548,1.360,1.908
1.402,5.337,6.738
2.972,7.834,10.806
3.611,0.545,4.156
0.418,9.823,10.240
5.283,1.865,7.148
2.468,0.165,2.632
4.286,2.828,7.114
0.636,5.822,6.458
1.604,1.670,3.274
1.456,1.825,3.281
2.498,6.085,8.583
0.421,4.936,5.357
0.148,2.707,2.854
0.692,3.478,4.170
13.512,3.862,17.374
3.556,1.247,4.803
0.254,9.153,9.406
11.206,8.659,19.865
1.754,7.704,9.458
12.336,4.894,17.230
1.238,4.202,5.439
1.065,2.729,3.795
6.990,2.739,9.729
0.136,5.360,5.495
4.078,1.417,5.496
0.099,6.695,6.793
0.119,5.766,5.885
0.800,7.122,7.922
4.389,9.830,14.219
2.140,6.440,8.580
1.920,6.153,8.073
6.429,6.186,12.615
1.017,9.469,10.486
0.123,0.754,0.876
0.691,2.907,3.597
0.620,0.594,1.214
0.234,6.338,6.572
4.262,3.736,7.998
7.396,5.417,12.813
2.765,2.109,4.874
2.375,6.576,8.951
2.115,9.136,11.252
1.372,7.996,9.367
4.306,9.440,13.745
4.064,8.489,12.554
0.541,5.936,6.478
6.056,6.265,12.321
1.913,1.584,3.498
6.663,5.368,12.032
6.360,4.405,10.764
1.846,2.593,4.440
11.312,4.205,15.517
1.394,1.977,3.371
2.393,5.072,7.465
2.916,7.765,10.681
6.103,9.207,15.310
12.574,6.029,18.603
0.425,1.420,1.845
0.079,6.176,6.254
3.592,1.190,4.782
4.576,6.066,10.642
0.232,8.419,8.651
4.661,7.270,11.931
0.749,2.330,3.079
0.030,1.050,1.079
1.089,6.756,7.845
0.432,3.191,3.624
5.056,6.130,11.186
2.085,8.493,10.579
1.825,5.375,7.199
3.050,0.777,3.827
2.914,8.541,11.456
3.047,7.324,10.371
0.872,0.769,1.641
3.983,6.447,10.430
4.051,2.899,6.951
3.033,8.089,11.122
0.491,2.663,3.154
3.430,5.498,8.927
3.809,0.758,4.567
0.684,6.106,6.791
5.386,5.171,10.557
5.965,5.752,11.717
0.820,9.689,10.509
0.008,7.287,7.295
2.266,3.181,5.448
1.388,3.243,4.631
4.663,9.682,14.344
8.431,5.662,14.092
1.931,3.251,5.182
0.634,2.267,2.901
2.059,1.699,3.757
1.686,2.480,4.166
2.923,3.965,6.888
2.960,6.556,9.517
2.432,4.709,7.141
5.645,2.460,8.105
0.426,2.910,3.335
4.737,5.944,10.681
0.490,2.612,3.102
1.959,7.753,9.712
3.965,3.074,7.039
5.640,9.873,15.513
0.426,8.357,8.783
4.473,6.325,10.798
3.540,1.902,5.442
0.259,1.985,2.244
2.356,2.942,5.298
9.436,2.025,11.461
1.736,4.760,6.495
3.590,2.875,6.465
0.760,4.201,4.961
2.659,6.638,9.296
2.434,2.870,5.304
3.593,5.605,9.198
4.448,9.962,14.409
3.929,2.660,6.590
5.263,8.521,13.784
1.273,2.512,3.786
3.519,7.436,10.954
1.505,9.608,11.113
5.935,1.280,7.215
4.013,9.781,13.794
3.980,1.052,5.033
0.650,6.960,7.609
10.776,8.556,19.332
5.888,9.769,15.657
1.167,3.683,4.850
1.543,5.918,7.460
1.654,9.013,10.666
0.729,6.449,7.179
5.374,7.504,12.879
6.089,0.677,6.767
3.695,7.817,11.512
0.270,8.477,8.747
3.252,6.342,9.594
0.809,4.313,5.122
1.921,1.093,3.014
7.381,1.170,8.551
3.026,1.218,4.245
1.498,1.930,3.428
9.135,9.668,18.803
2.024,8.154,10.178
2.633,3.671,6.304
0.170,3.016,3.186
1.763,7.144,8.907
2.298,0.636,2.934
0.478,6.897,7.375
0.214,0.393,0.607
0.688,5.436,6.124
0.212,4.166,4.377
1.189,8.684,9.874
11.056,6.569,17.625
0.058,2.763,2.821
3.676,0.280,3.956
2.329,8.375,10.704
1.361,1.738,3.099
0.946,3.466,4.411
5.716,8.387,14.103
4.360,5.629,9.990
2.018,8.166,10.184
2.575,3.641,6.216
3.617,7.282,10.899
1.243,5.655,6.898
0.110,7.406,7.516
6.975,5.746,12.721
7.754,2.180,9.933
5.058,9.224,14.282
2.789,0.923,3.712
2.687,2.090,4.778
2.894,0.324,3.219
3.561,1.626,5.187
4.839,3.826,8.665
0.214,2.486,2.699
4.242,8.593,12.835
3.919,6.110,10.029
7.948,6.501,14.449
0.229,3.272,3.502
0.564,3.242,3.806
1.754,8.979,10.733
0.282,6.449,6.731
1.125,7.472,8.597
0.444,5.753,6.197
1.787,0.421,2.208
7.399,0.995,8.394
0.285,7.231,7.516
2.141,3.614,5.754
2.647,9.349,11.995
6.347,4.962,11.308
4.902,1.777,6.680
4.002,6.808,10.809
1.409,4.726,6.136
0.253,8.922,9.176
1.719,4.010,5.729
0.353,8.144,8.496
0.035,2.326,2.361
7.106,8.736,15.842
1.127,2.071,3.198
0.096,4.159,4.255
0.491,5.033,5.524
6.802,8.249,15.051
0.980,5.454,6.434
6.336,1.434,7.770
0.963,0.766,1.730
1.973,5.468,7.441
0.434,5.250,5.684
10.377,2.607,12.984
2.071,3.233,5.304
0.960,3.859,4.819
3.908,7.449,11.357
15.132,9.711,24.843
5.713,2.218,7.931
1.856,6.252,8.107
0.708,0.997,1.704
0.847,5.702,6.549
0.614,8.156,8.770
2.807,4.623,7.430
3.567,5.704,9.272
5.308,2.827,8.135
0.490,8.045,8.535
0.605,1.214,1.820
1.948,6.512,8.459
0.420,7.638,8.059
8.358,5.880,14.239
1.742,8.988,10.731
3.562,4.307,7.869
1.501,0.185,1.686
0.738,1.844,2.582
1.148,8.230,9.378
3.246,1.971,5.216
1.941,0.741,2.682
0.487,3.626,4.113
2.001,2.206,4.207
0.899,7.138,8.037
3.638,5.073,8.711
1.252,1.949,3.201
3.895,4.319,8.214
4.928,0.981,5.910
3.504,0.151,3.655
4.028,2.666,6.694
4.224,9.449,13.674
4.647,3.624,8.271
1.268,5.557,6.826
2.515,8.375,10.891
2.863,9.552,12.415
5.128,6.502,11.630
9.313,5.019,14.332
0.658,8.326,8.984
3.844,4.340,8.185
1.041,4.333,5.374
2.199,7.984,10.183
1.461,3.272,4.733
1.358,9.989,11.346
0.758,6.222,6.980
4.929,7.955,12.884
3.300,1.584,4.884
1.428,0.834,2.262
0.989,8.787,9.776
0.034,2.266,2.300
6.034,2.657,8.691
4.693,1.761,6.454
0.343,1.197,1.539
0.097,8.628,8.725
1.974,1.779,3.754
2.910,0.987,3.897
0.435,2.795,3.230
1.813,6.843,8.657
13.994,0.897,14.891
2.899,8.147,11.046
5.331,2.754,8.085
2.968,0.761,3.728
6.429,8.806,15.234
2.763,2.017,4.780
2.561,2.567,5.128
0.046,8.973,9.019
2.974,5.882,8.856
10.482,9.606,20.088
0.078,2.732,2.810
3.458,4.268,7.726
0.690,6.095,6.785
4.075,6.584,10.659
4.251,1.518,5.769
3.824,6.515,10.340
0.938,5.556,6.494
0.565,9.199,9.765
3.541,6.423,9.963
0.164,5.179,5.342
6.424,8.679,15.103
6.649,6.493,13.142
1.581,0.939,2.520
3.916,4.929,8.845
2.234,8.173,10.407
1.107,4.731,5.838
1.635,9.636,11.271
1.496,5.129,6.625
1.245,9.258,10.503
0.523,9.545,10.068
0.310,1.812,2.122
0.836,5.465,6.301
6.910,1.240,8.150
6.801,0.514,7.314
1.915,8.025,9.940
6.314,2.581,8.894
6.263,7.738,14.002
1.742,5.674,7.416
2.787,0.679,3.466
0.845,3.767,4.612
0.395,1.042,1.437
2.513,2.809,5.321
0.781,2.325,3.106
0.566,7.099,7.665
2.925,0.212,3.137
1.515,3.303,4.818
0.441,8.788,9.229
1.695,0.236,1.931
5.810,6.765,12.575
1.254,5.323,6.577
5.952,8.036,13.988
1.019,9.976,10.995
0.915,6.301,7.216
2.794,9.818,12.611
5.773,0.269,6.042
0.828,3.168,3.996
6.039,9.881,15.920
1.613,0.150,1.763
2.367,0.454,2.821
0.175,0.367,0.542
2.227,3.259,5.486
1.683,9.252,10.936
1.425,8.380,9.805
9.615,8.984,18.599
0.071,4.685,4.756
4.588,5.835,10.423
0.232,3.600,3.832
2.336,4.895,7.230
6.617,6.409,13.026
6.568,4.652,11.220
2.935,0.204,3.140
5.126,3.340,8.466
1.544,4.857,6.401
1.344,1.431,2.775
1.874,2.986,4.861
0.002,3.119,3.122
2.151,3.172,5.323
3.898,8.783,12.681
0.045,4.648,4.692
1.459,4.898,6.358
6.675,5.105,11.780
7.172,4.772,11.944
0.365,0.263,0.629
4.381,7.551,11.932
1.057,1.231,2.288
0.194,7.241,7.435
0.130,7.329,7.459
3.467,8.593,12.060
11.135,9.876,21.011
7.621,4.352,11.973
3.378,4.309,7.688
11.137,7.110,18.247
2.358,9.198,11.556
0.541,3.893,4.433
0.680,2.454,3.134
3.164,9.060,12.225
0.312,0.782,1.094
3.495,2.060,5.554
3.240,4.686,7.926
2.737,6.442,9.179
6.036,4.709,10.746
0.528,6.934,7.462
1.829,8.697,10.527
1.077,8.144,9.221
5.089,4.732,9.821
0.857,9.320,10.177
4.612,5.134,9.747
3.819,6.336,10.154
2.897,3.509,6.406
1.082,6.564,7.646
1.021,4.263,5.284
3.350,4.191,7.541
1.038,8.131,9.169
0.467,7.891,8.358
0.636,7.153,7.789
1.483,7.837,9.320
1.696,8.074,9.770
2.956,3.469,6.425
1.158,8.572,9.730
6.977,9.170,16.146
0.216,8.506,8.722
0.894,8.737,9.630
1.778,4.602,6.380
1.037,5.941,6.978
2.527,8.199,10.726
2.876,4.778,7.654
1.211,8.693,9.904
0.836,6.155,6.991
9.428,8.345,17.773
4.710,0.332,5.042
0.804,2.330,3.135
2.733,7.802,10.535
0.384,4.420,4.804
5.481,9.335,14.816
2.545,2.767,5.311
1.582,6.438,8.019
0.401,6.537,6.938
2.237,7.197,9.434
5.424,1.219,6.643
0.940,5.182,6.122
4.641,3.532,8.173
0.293,8.490,8.783
1.079,1.416,2.495
7.938,4.986,12.924
1.494,7.663,9.157
3.860,3.354,7.214
2.852,0.339,3.191
0.161,5.168,5.329
1.543,8.001,9.544
1.178,9.742,10.920
2.153,9.659,11.812
1.366,1.854,3.221
2.484,4.652,7.135
3.475,7.915,11.390
0.263,6.898,7.161
16.273,0.480,16.753
1.484,2.303,3.787
1.356,8.360,9.716
0.419,3.749,4.168
0.011,2.807,2.817
3.935,2.177,6.112
0.912,2.459,3.371
11.466,1.984,13.451
4.833,6.873,11.706
6.559,2.646,9.205
1.057,1.601,2.659
1.680,5.601,7.281
6.079,6.440,12.519
1.656,3.728,5.384
2.002,6.982,8.984
4.185,4.293,8.478
0.890,2.111,3.001
1.365,3.930,5.295
2.552,8.553,11.105
0.843,6.277,7.120
0.416,0.407,0.823
3.014,1.274,4.288
7.101,3.644,10.745
6.271,6.713,12.984
3.478,7.180,10.658
3.153,0.007,3.160
4.955,2.468,7.423
2.585,7.784,10.368
0.938,0.105,1.043
1.772,3.974,5.746
10.216,2.057,12.273
0.744,1.640,2.384
5.881,8.454,14.334
0.326,6.916,7.242
1.123,1.557,2.680
0.132,2.379,2.511
1.357,0.214,1.571
3.306,9.153,12.459
0.302,9.285,9.587
10.740,8.212,18.952
0.896,9.979,10.876
4.448,3.784,8.232
2.253,0.066,2.319
0.462,9.532,9.994
0.871,9.072,9.943
2.592,2.472,5.064
2.956,5.712,8.667
8.386,4.442,12.828
6.062,4.352,10.414
2.533,6.095,8.627
0.098,8.530,8.629
1.623,4.367,5.990
0.498,2.552,3.050
2.171,7.140,9.311
1.601,2.086,3.687
4.366,1.646,6.012
10.404,4.743,15.146
6.411,1.097,7.508
0.621,0.825,1.446
0.114,1.270,1.384
0.984,3.836,4.820
3.359,7.871,11.230
6.255,8.874,15.128
1.150,9.844,10.993
0.822,5.532,6.354
5.494,1.373,6.867
4.121,4.130,8.251
1.024,7.673,8.696
2.461,8.264,10.725
8.078,0.815,8.893
1.321,5.533,6.854
4.006,9.164,13.170
3.969,1.171,5.140
5.773,3.260,9.033
0.684,6.875,7.559
1.143,0.520,1.663
0.401,8.485,8.885
1.671,0.604,2.275
4.209,9.516,13.725
3.590,2.184,5.775
1.471,5.064,6.536
0.649,0.159,0.808
1.329,1.736,3.065
2.796,4.978,7.773
4.295,1.089,5.384
4.063,3.135,7.197
0.458,0.141,0.599
0.196,6.073,6.268
5.443,7.870,13.313
1.309,2.300,3.609
0.125,6.987,7.112
0.299,4.300,4.599
6.172,4.604,10.777
2.757,9.389,12.146
0.183,2.495,2.678
2.752,9.472,12.223
4.865,4.957,9.822
4.416,4.465,8.881
5.121,2.586,7.707
0.387,2.747,3.134
1.392,9.606,10.998
0.338,9.663,10.001
0.257,4.340,4.597
2.282,3.312,5.594
1.403,6.051,7.454
9.985,3.070,13.055
2.847,6.718,9.565
7.046,9.129,16.175
5.712,2.885,8.597
7.064,0.582,7.646
0.403,6.285,6.688
1.551,2.477,4.028
1.612,9.561,11.173
0.663,1.517,2.180
0.069,1.573,1.642
0.071,7.787,7.858
4.625,8.324,12.949
2.351,1.201,3.552
14.375,7.293,21.668
0.671,0.195,0.866
2.015,8.285,10.300
0.561,7.911,8.472
3.068,2.689,5.757
4.367,8.428,12.796
2.024,0.504,2.528
0.777,4.502,5.279
1.357,1.375,2.732
3.622,6.722,10.344
0.685,3.089,3.774
0.050,7.484,7.534
0.092,8.484,8.576
3.558,2.241,5.799
2.441,5.191,7.633
4.398,3.840,8.238
0.247,6.865,7.112
0.892,4.680,5.572
6.396,9.461,15.857
0.408,0.433,0.841
0.493,4.319,4.812
5.793,8.688,14.481
6.184,3.767,9.951
2.652,0.510,3.162
2.736,1.288,4.024
0.621,7.408,8.029
5.557,0.143,5.700
1.158,6.182,7.340
0.518,0.615,1.132
0.396,7.935,8.331
4.612,5.218,9.829
0.102,1.141,1.243
1.806,4.014,5.820
0.134,1.350,1.484
0.673,7.732,8.405
0.153,1.635,1.788
4.538,3.574,8.112
1.515,0.816,2.331
1.558,9.966,11.524
3.483,6.503,9.986
3.783,5.952,9.735
0.486,7.766,8.252
0.007,5.464,5.471
2.195,2.197,4.392
2.342,0.271,2.613
0.604,2.276,2.879
4.215,9.976,14.191
0.990,1.650,2.640
3.318,7.439,10.757
1.003,8.694,9.697
0.209,7.139,7.348
0.423,2.905,3.328
4.188,7.715,11.904
2.509,5.450,7.959
1.269,3.139,4.408
3.425,0.080,3.505
1.650,6.506,8.155
3.636,3.958,7.594
6.091,2.581,8.672
0.869,4.202,5.071
0.566,1.112,1.678
1.338,2.910,4.248
0.743,2.935,3.678
2.086,5.731,7.817
4.142,6.247,10.389
1.255,6.175,7.430
0.837,8.674,9.511
0.033,6.591,6.624
3.676,7.676,11.352
0.957,2.177,3.134
0.909,5.702,6.611
0.309,4.250,4.559
0.711,5.557,6.268
6.503,0.972,7.476
0.009,6.658,6.667
0.545,4.343,4.887
2.044,0.384,2.428
1.443,6.680,8.124
0.296,0.256,0.552
3.504,3.576,7.080
0.554,9.450,10.004
0.570,4.985,5.555
2.316,5.273,7.589
0.726,8.153,8.879
0.477,4.485,4.962
0.179,3.891,4.070
2.047,2.127,4.174
0.119,3.096,3.215
8.203,7.228,15.431
0.819,1.616,2.435
0.752,3.625,4.377
0.205,8.535,8.740
3.322,6.602,9.925
7.382,1.614,8.996
0.151,8.350,8.501
6.753,9.105,15.858
0.934,4.642,5.575
0.686,3.389,4.076
2.359,3.306,5.665
0.811,4.562,5.372
8.747,1.667,10.414
0.146,5.069,5.215
2.506,4.543,7.050
2.518,6.869,9.387
0.340,7.962,8.302
1.363,0.346,1.709
1.183,2.720,3.902
0.198,8.139,8.337
2.396,0.632,3.028
4.540,2.320,6.861
12.137,2.094,14.231
4.617,1.027,5.644
2.717,2.088,4.805
1.332,3.870,5.202
2.050,2.074,4.124
5.992,1.912,7.904
2.075,6.848,8.923
4.852,1.880,6.733
0.077,4.477,4.554
0.391,2.331,2.722
0.084,6.822,6.906
7.309,0.198,7.508
1.593,5.182,6.776
4.835,9.956,14.791
2.181,7.614,9.795
13.272,9.223,22.496
4.275,6.649,10.924
0.245,1.343,1.589
0.794,1.426,2.220
3.815,8.279,12.093
0.978,3.543,4.521
0.080,7.360,7.440
3.162,1.856,5.017
4.572,1.746,6.319
0.488,1.852,2.339
2.435,9.204,11.639
2.017,0.788,2.805
2.975,2.391,5.366
0.989,3.371,4.360
0.308,2.646,2.955
3.739,0.775,4.514
1.015,9.036,10.051
4.512,9.641,14.153
1.487,6.821,8.308
1.470,4.240,5.710
4.992,5.231,10.223
0.151,8.621,8.772
1.786,7.024,8.810
4.200,9.725,13.926
0.230,6.461,6.691
2.832,2.217,5.049
0.693,2.650,3.343
1.134,7.318,8.452
0.098,9.112,9.210
2.746,6.808,9.554
1.736,4.006,5.743
2.063,1.656,3.719
0.462,2.847,3.309
0.958,2.182,3.140
1.224,2.593,3.816
1.247,7.527,8.774
0.047,4.554,4.600
0.083,1.930,2.013
0.712,4.173,4.884
3.365,1.750,5.115
0.829,2.020,2.849
0.044,3.921,3.964
12.756,9.791,22.547
0.655,0.074,0.729
3.459,3.507,6.966
0.049,5.359,5.408
3.585,6.329,9.913
5.304,0.150,5.454
9.220,6.076,15.296
0.162,4.221,4.383
1.509,3.188,4.697
1.580,8.378,9.958
8.134,9.126,17.260
0.284,0.841,1.125
4.035,9.039,13.075
13.095,6.451,19.546
1.809,9.334,11.143
22.822,2.838,25.661
5.881,6.950,12.831
0.957,1.271,2.228
1.713,0.795,2.508
1.408,4.566,5.974
5.760,8.301,14.061
10.762,0.474,11.237
1.341,6.773,8.115
0.530,1.104,1.634
10.160,9.074,19.234
7.158,8.534,15.692
0.143,1.943,2.087
3.111,4.335,7.447
13.636,0.847,14.483
0.300,5.303,5.603
5.714,2.702,8.415
7.787,4.390,12.177
2.333,9.753,12.086
14.394,6.726,21.121
2.475,8.329,10.804
0.171,4.430,4.602
7.515,6.663,14.179
3.868,6.053,9.921
3.120,4.548,7.668
9.297,1.959,11.255
2.548,5.789,8.337
2.120,0.160,2.280
3.296,3.741,7.037
2.434,2.060,4.494
1.959,4.207,6.167
4.309,2.519,6.828
8.729,9.736,18.466
0.485,4.964,5.449
2.238,0.861,3.099
1.925,4.581,6.507
0.760,0.773,1.533
0.154,3.375,3.529
0.523,6.498,7.021
1.501,7.015,8.516
0.431,8.032,8.463
0.179,7.446,7.626
5.718,8.157,13.874
2.545,2.155,4.700
5.991,3.634,9.625
0.308,4.130,4.439
8.101,0.143,8.243
0.863,1.859,2.721
4.156,7.807,11.963
2.576,2.761,5.337
6.656,6.937,13.593
0.577,0.798,1.374
2.259,1.319,3.578
2.648,9.204,11.851
1.579,5.871,7.449
4.023,1.349,5.372
5.677,3.917,9.594
1.156,5.779,6.935
3.340,6.346,9.686
0.037,3.805,3.843
0.312,6.126,6.438
0.094,1.030,1.124
1.836,6.435,8.271
4.504,8.113,12.618
0.950,5.351,6.301
0.181,7.420,7.601
3.719,6.711,10.430
7.406,2.950,10.356
4.652,0.973,5.625
1.110,8.794,9.904
11.989,6.690,18.679
0.425,6.353,6.778
0.548,3.559,4.107
19.625,6.373,25.998
1.150,6.516,7.666
8.679,2.923,11.603
0.905,2.424,3.329
2.672,1.294,3.966
1.147,9.594,10.742
1.045,7.511,8.556
0.211,0.080,0.292
0.047,2.971,3.017
3.522,4.426,7.949
0.357,4.686,5.043
1.014,9.848,10.863
4.467,7.897,12.364
1.171,8.932,10.103
1.144,1.358,2.502
0.852,7.079,7.931
0.667,9.161,9.828
6.469,4.202,10.671
2.382,0.874,3.256
0.497,8.506,9.003
5.981,5.597,11.578
12.231,3.178,15.409
4.803,3.144,7.947
0.052,9.832,9.884
8.139,6.929,15.067
0.266,6.255,6.522
8.743,4.119,12.861
9.661,7.870,17.531
3.026,5.748,8.775
6.726,5.705,12.431
3.927,0.233,4.159
0.139,2.386,2.526
0.003,4.740,4.743
6.383,8.193,14.576
1.548,7.960,9.508
4.087,7.103,11.190
1.249,3.870,5.120
5.283,3.855,9.138
0.687,1.041,1.728
0.431,7.851,8.283
1.650,6.001,7.651
3.720,3.959,7.679
1.608,2.193,3.802
1.771,1.493,3.264
1.953,0.219,2.172
0.054,6.234,6.288
0.378,2.427,2.805
2.850,8.945,11.795
4.331,6.813,11.144
5.541,9.160,14.701
3.731,2.173,5.905
8.651,2.915,11.566
3.681,7.843,11.525
3.219,6.484,9.703
3.159,6.448,9.607
4.879,6.899,11.778
0.449,0.650,1.099
0.157,4.569,4.726
0.767,2.512,3.279
2.428,5.353,7.780
4.489,3.081,7.570
3.025,7.018,10.043
1.392,7.571,8.963
2.239,1.366,3.605
2.531,6.286,8.817
1.133,2.908,4.041
0.626,4.282,4.908
0.161,7.569,7.730
0.010,7.032,7.042
8.761,7.441,16.202
1.323,2.116,3.439
3.603,5.680,9.284
1.366,2.600,3.966
1.036,0.940,1.976
0.898,6.307,7.205
0.453,3.954,4.408
6.635,3.110,9.744
1.820,3.201,5.021
0.127,3.696,3.823
0.385,9.858,10.244
5.664,8.149,13.813
1.391,8.159,9.550
4.812,6.409,11.221
7.168,2.153,9.321
0.332,7.909,8.241
1.220,8.949,10.168
2.223,8.849,11.071
0.730,0.404,1.134
7.504,9.299,16.803
0.838,1.183,2.021
6.848,5.242,12.089
2.986,2.519,5.505
0.149,0.264,0.413
7.019,9.718,16.737
1.886,8.745,10.632
8.637,7.718,16.355
6.713,7.018,13.731
1.871,8.131,10.002
2.635,4.573,7.207
3.025,7.415,10.440
2.994,4.647,7.642
0.359,0.958,1.317
0.585,2.441,3.026
0.901,3.753,4.655
5.171,2.060,7.230
0.731,2.289,3.019
2.883,2.746,5.629
1.813,7.489,9.302
2.906,2.159,5.065
2.600,3.256,5.856
1.742,1.104,2.846
2.071,1.415,3.486
2.703,8.411,11.114
3.462,9.695,13.157
0.597,0.162,0.759
2.736,8.696,11.432
0.346,8.726,9.072
2.620,7.845,10.465
0.053,5.285,5.338
1.513,5.257,6.770
2.235,5.365,7.600
1.566,9.027,10.593
3.593,1.449,5.042
0.610,1.061,1.671
0.096,4.891,4.987
7.075,3.896,10.972
1.017,7.909,8.926
5.125,9.627,14.752
2.841,6.348,9.189
0.843,6.416,7.258
0.149,2.485,2.634
14.568,6.459,21.027
0.808,1.716,2.524
1.359,5.298,6.657
3.906,6.382,10.288
2.751,4.996,7.748
0.859,4.039,4.898
6.460,2.199,8.659
0.857,4.295,5.151
0.979,1.141,2.120
0.611,4.732,5.344
0.097,5.614,5.711
5.731,0.230,5.961
3.415,1.326,4.741
6.482,5.721,12.203
1.782,5.475,7.257
0.036,0.653,0.689
1.462,2.662,4.124
1.126,3.084,4.210
7.235,6.718,13.953
5.768,2.976,8.744
1.401,5.123,6.523
9.610,1.879,11.489
2.037,1.015,3.052
0.816,0.575,1.391
3.099,6.163,9.262
1.208,3.933,5.141
6.081,8.807,14.887
5.878,3.440,9.318
2.494,0.823,3.318
2.097,5.553,7.650
4.872,6.778,11.649
2.311,9.394,11.705
0.992,0.414,1.405
2.004,3.069,5.073
1.778,2.678,4.456
1.218,4.122,5.340
2.442,0.561,3.003
3.814,9.627,13.441
0.339,3.984,4.322
1.352,2.313,3.665
0.966,8.651,9.618
1.452,2.302,3.754
2.568,3.192,5.760
2.137,3.308,5.445
0.432,3.299,3.731
0.070,0.951,1.021
0.432,0.528,0.960
0.103,2.280,2.383
2.457,1.727,4.184
0.135,1.082,1.216
2.302,2.056,4.358
1.640,2.905,4.545
0.735,7.354,8.089
2.811,6.448,9.259
1.255,8.543,9.797
4.761,3.004,7.765
3.492,8.379,11.870
0.561,2.868,3.429
0.484,7.198,7.682
7.769,5.204,12.972
6.491,4.037,10.528
3.002,9.113,12.115
1.396,8.761,10.158
5.846,8.965,14.811
1.523,3.733,5.256
1.912,0.712,2.624
5.952,8.388,14.339
5.233,7.897,13.130
1.533,1.659,3.191
12.321,9.196,21.517
1.167,8.741,9.908
0.344,6.487,6.831
4.069,1.657,5.726
2.143,0.386,2.529
2.966,6.431,9.396
7.885,2.462,10.348
1.625,5.741,7.366
3.361,4.405,7.766
6.680,5.947,12.626
0.729,6.858,7.587
6.086,7.608,13.693
1.248,6.729,7.978
6.453,6.092,12.545
2.114,5.910,8.024
4.603,7.576,12.179
0.139,1.184,1.323
1.682,7.244,8.927
2.003,2.847,4.850
7.486,4.770,12.256
1.730,9.593,11.323
3.087,0.051,3.138
1.363,7.007,8.369
5.489,8.442,13.931
2.764,8.536,11.300
4.554,1.221,5.775
0.349,5.648,5.997
5.147,3.017,8.164
14.191,5.379,19.570
5.052,6.193,11.245
8.809,3.033,11.841
2.221,6.790,9.011
14.001,8.239,22.240
3.189,9.934,13.122
1.161,3.956,5.117
0.013,6.636,6.649
0.882,9.657,10.539
2.484,6.365,8.849
2.179,4.535,6.714
2.187,1.796,3.983
3.041,9.951,12.991
10.465,4.281,14.747
9.200,2.118,11.318
4.796,4.431,9.228
15.667,0.610,16.277
4.197,3.619,7.816
2.616,9.162,11.778
1.864,5.235,7.100
8.601,1.093,9.694
0.597,2.566,3.163
0.181,3.164,3.344
3.576,8.891,12.467
1.611,0.805,2.417
0.207,1.960,2.167
3.678,0.112,3.790
6.422,6.219,12.641
5.230,6.021,11.251
4.810,2.439,7.249
1.085,4.714,5.799
0.091,0.800,0.892
1.357,0.449,1.806
0.096,8.811,8.907
2.353,3.562,5.915
3.114,4.639,7.752
0.336,0.861,1.197
3.668,1.829,5.498
4.501,3.270,7.771
5.498,9.087,14.584
3.561,9.236,12.797
0.355,4.812,5.167
1.205,3.564,4.769
0.196,5.737,5.933
3.577,9.165,12.742
1.044,7.041,8.085
2.825,5.976,8.801
3.105,4.223,7.328
2.161,2.126,4.287
1.719,6.963,8.682
10.782,6.771,17.553
1.316,8.536,9.852
3.281,2.168,5.450
0.427,9.136,9.562
2.861,7.693,10.554
2.066,6.891,8.956
7.995,3.281,11.276
2.803,0.131,2.934
0.280,8.829,9.109
0.178,0.126,0.304
2.600,1.183,3.783
4.634,7.170,11.805
16.037,7.256,23.293
0.073,1.541,1.615
1.899,1.948,3.847
3.181,0.570,3.751
1.581,5.801,7.382
0.934,2.547,3.481
0.372,8.005,8.377
0.161,1.716,1.877
1.596,4.219,5.815
0.010,6.081,6.091
4.876,8.652,13.528
0.727,0.968,1.695
0.796,4.592,5.388
3.741,7.141,10.882
0.628,4.020,4.648
3.853,9.665,13.518
6.078,8.350,14.428
3.758,7.761,11.518
10.027,5.028,15.056
1.454,2.998,4.452
6.558,2.799,9.356
5.747,4.172,9.919
8.162,8.044,16.206
1.374,4.797,6.172
0.259,5.313,5.572
0.474,0.431,0.905
7.082,7.555,14.637
0.686,0.957,1.644
0.244,9.675,9.920
3.097,9.226,12.323
0.979,1.720,2.699
7.097,1.587,8.684
5.415,4.115,9.530
10.330,5.971,16.301
2.243,3.715,5.958
5.442,8.217,13.660
0.510,1.437,1.947
1.167,5.911,7.078
19.330,8.134,27.464
1.722,3.769,5.491
0.721,2.584,3.305
7.143,2.698,9.841
0.994,2.790,3.784
5.533,2.213,7.746
0.352,9.390,9.742
3.730,0.955,4.685
2.093,4.637,6.729
1.305,8.101,9.405
5.993,2.456,8.449
0.735,8.818,9.553
4.497,5.334,9.830
1.192,3.133,4.326
0.894,8.138,9.033
0.014,8.806,8.820
0.114,3.443,3.557
0.610,8.963,9.572
15.637,8.636,24.273
5.334,5.475,10.809
3.092,8.394,11.486
12.248,7.843,20.091
1.181,5.288,6.468
8.113,9.343,17.457
0.704,3.476,4.179
3.770,5.548,9.318
4.281,4.304,8.585
4.494,0.850,5.344
0.655,4.383,5.038
4.886,4.918,9.804
1.849,0.245,2.094
0.769,8.871,9.640
1.637,0.505,2.142
1.785,3.185,4.970
0.351,9.251,9.601
1.023,1.721,2.744
1.424,2.377,3.801
4.082,0.810,4.892
0.040,6.777,6.817
4.329,7.055,11.384
0.592,0.773,1.366
4.170,3.574,7.744
4.839,8.973,13.812
3.268,6.507,9.775
9.086,2.853,11.939
1.606,0.597,2.203
1.712,2.730,4.442
1.913,9.989,11.902
0.181,6.579,6.759
6.471,5.137,11.608
3.973,1.558,5.531
3.715,5.687,9.402
0.201,9.224,9.425
0.332,0.980,1.313
15.706,2.250,17.956
4.250,1.770,6.020
1.188,8.505,9.693
0.287,6.590,6.876
0.057,1.719,1.775
0.536,7.885,8.421
3.910,1.236,5.146
7.354,2.211,9.565
0.738,9.116,9.853
0.947,8.319,9.266
1.824,0.461,2.285
17.855,8.395,26.250
0.158,0.393,0.551
1.586,4.505,6.091
4.191,5.096,9.287
5.897,4.184,10.081
1.881,6.926,8.807
4.692,8.240,12.932
5.336,3.687,9.024
1.913,4.608,6.521
0.127,4.402,4.529
2.535,7.624,10.159
3.065,3.136,6.201
0.020,9.970,9.989
3.456,7.575,11.031
1.357,5.126,6.483
4.922,7.444,12.366
0.217,7.579,7.797
5.684,6.556,12.241
1.048,7.001,8.049
2.011,1.212,3.223
4.663,9.367,14.030
1.347,3.370,4.717
1.691,9.994,11.685
8.084,1.689,9.772
0.447,9.218,9.665
1.331,6.346,7.677
1.998,4.000,5.998
0.228,6.751,6.979
2.571,4.245,6.816
10.676,7.445,18.121
0.005,1.623,1.628
0.606,4.274,4.880
1.341,2.255,3.595
4.497,1.153,5.650
1.858,2.311,4.169
2.506,6.044,8.550
3.477,8.958,12.435
0.949,4.717,5.666
0.964,2.581,3.545
1.374,7.989,9.363
3.895,4.757,8.652
0.367,9.299,9.665
0.449,6.291,6.740
1.715,2.670,4.385
1.122,4.657,5.779
0.327,2.592,2.919
0.809,1.065,1.874
7.303,4.707,12.010
7.047,6.963,14.010
0.156,4.418,4.574
1.813,9.932,11.745
1.588,7.616,9.204
1.335,5.676,7.011
3.379,8.463,11.841
9.966,2.547,12.513
3.323,7.323,10.646
0.705,2.396,3.101
1.810,0.775,2.585
3.851,9.836,13.687
3.417,8.146,11.563
0.478,6.643,7.122
2.482,2.693,5.175
3.502,3.503,7.005
1.228,1.517,2.745
5.766,9.867,15.633
2.280,0.714,2.994
6.172,9.523,15.695
1.224,3.619,4.843
8.609,3.313,11.923
6.348,2.401,8.749
3.348,0.786,4.134
3.599,5.336,8.935
1.149,1.767,2.916
3.952,5.032,8.983
4.205,1.854,6.059
0.571,1.317,1.888
6.753,1.775,8.528
0.586,6.972,7.558
0.472,5.657,6.129
1.988,1.673,3.661
6.295,5.283,11.578
2.129,3.907,6.036
0.638,7.647,8.286
7.082,6.380,13.462
1.312,7.640,8.952
0.748,5.972,6.720
1.776,1.161,2.937
2.644,7.500,10.143
1.162,9.988,11.150
0.853,6.247,7.099
0.649,6.490,7.139
0.094,6.966,7.061
0.734,5.216,5.950
5.295,5.444,10.739
0.375,1.917,2.291
4.609,4.844,9.453
3.928,1.225,5.153
0.653,2.339,2.991
2.522,4.897,7.419
5.670,6.812,12.482
1.774,5.049,6.823
4.519,5.417,9.935
9.656,6.483,16.139
2.678,9.043,11.721
3.418,2.203,5.621
0.395,9.772,10.167
0.576,6.716,7.291
4.080,9.862,13.942
1.198,7.950,9.148
1.812,5.125,6.937
4.321,3.595,7.916
1.039,3.123,4.162
1.898,3.249,5.147
3.346,4.349,7.696
1.026,3.331,4.357
4.782,8.171,12.952
1.997,9.857,11.854
1.312,2.186,3.497
1.875,9.693,11.568
1.180,4.837,6.018
7.900,8.323,16.224
4.837,3.846,8.684
1.578,0.111,1.689
1.054,2.852,3.905
0.263,5.443,5.706
5.276,0.676,5.952
5.186,4.675,9.861
1.552,0.747,2.299
5.433,4.306,9.739
0.041,2.783,2.824
1.703,7.705,9.409
2.558,2.632,5.189
6.817,4.440,11.256
1.727,9.097,10.824
5.906,7.684,13.589
0.347,8.560,8.906
4.902,8.811,13.713
0.854,0.759,1.614
4.775,2.233,7.007
3.791,2.742,6.533
2.856,3.792,6.647
0.098,0.968,1.066
0.201,2.022,2.223
1.406,1.915,3.321
3.561,7.163,10.724
0.039,7.334,7.373
0.332,9.967,10.298
0.974,2.682,3.657
0.503,5.771,6.274
0.790,6.041,6.831
2.754,5.082,7.836
0.030,9.543,9.573
1.962,7.689,9.651
1.414,2.867,4.281
10.312,8.255,18.568
1.992,9.553,11.544
1.843,3.861,5.704
0.516,2.117,2.633
0.031,6.162,6.193
1.393,6.358,7.751
7.545,9.341,16.887
1.299,5.764,7.063
1.007,5.536,6.543
5.128,3.088,8.216
0.938,6.161,7.099
2.297,8.883,11.180
3.417,0.260,3.676
2.791,5.951,8.743
6.244,9.111,15.355
3.932,9.717,13.650
3.054,0.935,3.989
4.481,4.692,9.173
0.402,6.260,6.661
3.607,2.740,6.347
0.291,6.113,6.403
0.956,5.021,5.977
1.281,2.578,3.859
0.349,1.596,1.945
7.925,0.331,8.255
2.126,6.672,8.799
1.219,3.220,4.439
0.919,6.417,7.336
2.751,9.229,11.980
1.226,0.597,1.823
4.731,7.408,12.139
0.600,6.547,7.147
1.774,3.377,5.151
3.966,6.634,10.600
4.129,7.252,11.381
0.559,6.135,6.694
0.711,9.861,10.573
9.268,3.291,12.559
5.556,4.751,10.308
2.788,3.803,6.591
3.008,1.856,4.864
1.478,7.802,9.281
5.476,7.193,12.668
6.504,7.801,14.305
1.691,6.148,7.838
3.034,5.629,8.663
4.695,6.878,11.573
3.921,6.938,10.858
1.231,8.653,9.884
0.503,3.521,4.024
3.498,6.282,9.780
4.101,1.003,5.104
0.059,6.032,6.091
1.267,6.839,8.107
1.837,9.636,11.473
2.115,4.777,6.893
0.820,4.321,5.141
2.129,9.828,11.957
0.723,5.660,6.383
0.076,6.587,6.663
2.125,2.825,4.950
2.680,4.407,7.088
1.999,6.125,8.125
0.027,5.026,5.053
5.930,9.286,15.216
30.416,2.572,32.988
9.744,8.405,18.150
10.666,5.236,15.903
0.640,1.131,1.771
1.289,1.802,3.091
0.681,8.286,8.967
1.545,5.116,6.661
1.035,9.353,10.388
2.114,9.866,11.979
0.239,2.245,2.484
5.528,5.834,11.362
2.228,4.941,7.169
0.419,3.378,3.797
1.396,5.428,6.824
4.186,2.446,6.632
0.455,1.324,1.779
3.436,9.187,12.623
0.352,8.146,8.498
0.430,5.074,5.504
1.864,1.605,3.468
3.944,7.867,11.812
3.781,6.346,10.128
4.260,0.458,4.718
14.883,5.848,20.731
7.211,9.323,16.535
4.199,3.135,7.335
3.757,5.861,9.618
3.090,3.080,6.171
5.250,5.693,10.943
1.069,6.499,7.569
12.258,2.565,14.823
1.127,0.875,2.001
4.588,7.530,12.119
0.106,7.529,7.635
0.111,6.813,6.924
0.381,1.551,1.932
0.542,9.932,10.473
0.272,5.505,5.777
2.590,9.708,12.298
2.940,9.313,12.253
4.003,0.632,4.635
0.060,6.390,6.450
1.208,1.821,3.029
0.740,0.568,1.308
5.943,6.503,12.447
1.390,9.367,10.757
2.490,3.155,5.645
0.012,9.765,9.777
1.535,0.080,1.615
0.101,7.722,7.824
1.274,9.668,10.942
1.789,4.068,5.857
0.728,6.446,7.174
0.322,7.390,7.712
3.881,3.582,7.462
0.330,9.763,10.093
1.533,3.272,4.806
2.970,3.646,6.617
0.091,5.592,5.683
1.256,0.226,1.482
0.875,3.650,4.525
1.910,3.201,5.110
7.748,1.745,9.493
0.319,6.844,7.163
1.292,7.428,8.721
4.890,7.312,12.202
4.373,4.005,8.379
3.709,2.874,6.582
1.287,1.336,2.623
2.507,2.204,4.711
3.598,3.264,6.863
1.881,8.890,10.770
0.427,5.093,5.519
1.374,0.298,1.672
0.582,1.105,1.687
3.185,1.020,4.205
1.641,2.898,4.539
2.438,8.308,10.746
2.260,2.146,4.407
0.213,5.194,5.407
2.398,5.229,7.627
0.563,4.590,5.153
3.307,5.976,9.283
0.916,6.361,7.277
2.322,2.362,4.684
0.461,6.757,7.219
4.622,4.231,8.853
1.155,0.981,2.136
0.829,6.813,7.642
5.147,3.103,8.250
0.499,4.068,4.567
3.203,7.591,10.794
0.210,9.093,9.303
1.654,7.813,9.467
2.648,3.039,5.687
9.244,6.407,15.650
1.760,0.836,2.595
1.342,6.756,8.098
1.894,8.137,10.030
0.874,6.372,7.246
1.037,6.476,7.513
0.253,4.509,4.762
0.622,5.897,6.519
2.950,6.060,9.010
1.226,1.037,2.263
0.721,4.949,5.670
0.975,2.520,3.494
1.116,0.920,2.036
5.245,1.894,7.140
4.334,8.943,13.276
3.251,1.785,5.037
0.526,8.439,8.965
6.510,1.838,8.348
6.140,4.202,10.342
0.230,3.513,3.743
1.996,7.650,9.645
3.217,8.291,11.508
3.631,8.212,11.843
4.280,8.956,13.236
2.232,1.018,3.250
4.240,5.305,9.545
1.085,9.624,10.709
6.222,5.323,11.545
1.483,6.688,8.171
16.482,4.762,21.243
1.692,4.079,5.771
2.992,6.321,9.313
2.355,0.642,2.997
0.506,7.596,8.102
10.322,0.662,10.984
2.375,2.901,5.276
3.484,9.399,12.883
3.791,6.922,10.714
1.369,6.114,7.483
1.329,3.744,5.074
3.038,6.331,9.370
1.892,4.078,5.970
0.129,3.089,3.218
0.641,0.721,1.362
0.262,8.283,8.544
1.608,2.137,3.746
2.552,7.456,10.008
1.559,5.360,6.919
0.607,4.257,4.864
2.492,7.450,9.942
4.193,0.119,4.312
7.239,0.177,7.416
3.113,0.595,3.708
3.343,2.067,5.410
2.707,5.995,8.702
1.883,1.355,3.237
3.334,4.589,7.922
3.542,4.281,7.823
1.470,4.003,5.474
0.938,1.500,2.439
7.040,4.700,11.741
1.627,4.117,5.743
4.871,0.263,5.134
2.590,3.496,6.086
1.936,4.963,6.899
0.594,2.226,2.820
0.629,0.800,1.429
2.482,4.951,7.433
4.878,4.584,9.462
4.093,9.752,13.844
4.491,5.348,9.840
2.073,2.141,4.214
1.506,3.997,5.503
1.490,5.896,7.386
1.105,6.846,7.951
8.914,8.425,17.339
7.311,4.428,11.739
1.318,8.164,9.482
2.063,7.834,9.897
1.597,0.154,1.751
5.184,8.955,14.140
1.680,5.044,6.724
2.466,4.605,7.071
16.509,3.008,19.517
15.007,1.299,16.307
2.431,4.819,7.250
3.053,0.252,3.305
2.960,8.558,11.518
3.328,7.344,10.672
1.308,0.369,1.677
0.661,5.171,5.832
2.107,8.579,10.686
4.665,4.955,9.620
2.937,9.949,12.886
1.379,3.933,5.312
0.980,4.552,5.532
2.305,2.951,5.256
5.702,4.587,10.289
2.823,0.228,3.050
10.989,8.399,19.388
2.129,3.773,5.902
0.286,6.311,6.597
6.406,0.402,6.808
0.109,5.821,5.930
0.278,9.787,10.065
5.739,8.898,14.637
0.497,6.602,7.099
3.631,4.818,8.449
4.450,6.901,11.351
2.389,3.208,5.597
1.554,0.802,2.356
2.209,7.065,9.274
6.989,0.939,7.928
10.745,4.272,15.017
1.987,4.908,6.895
0.490,8.441,8.932
0.894,6.315,7.210
3.033,0.045,3.078
1.858,8.327,10.186
1.180,5.410,6.590
1.336,5.250,6.586
1.029,3.862,4.892
3.173,9.251,12.425
0.804,9.110,9.913
1.085,0.906,1.991
3.208,3.868,7.076
2.817,9.889,12.706
6.992,3.152,10.144
0.978,3.041,4.019
0.324,8.286,8.610
0.347,8.675,9.022
4.333,8.230,12.563
0.380,5.422,5.802
0.718,9.408,10.126
1.664,5.162,6.825
1.041,3.866,4.907
1.986,4.165,6.151
8.542,5.428,13.970
5.450,7.041,12.491
1.880,7.948,9.828
0.707,2.659,3.366
0.056,1.929,1.985
3.061,5.461,8.522
2.036,2.598,4.634
1.465,1.484,2.949
3.484,8.982,12.466
0.969,4.426,5.394
7.116,1.458,8.575
1.932,3.317,5.249
5.252,5.319,10.570
7.045,4.348,11.393
3.688,0.257,3.945
0.368,4.843,5.211
1.868,3.025,4.893
2.821,8.914,11.735
1.237,5.580,6.817
0.929,2.913,3.843
0.445,8.865,9.310
0.243,7.039,7.282
0.103,9.791,9.894
0.771,0.050,0.822
11.223,1.325,12.548
3.432,3.948,7.380
0.076,7.594,7.670
0.353,8.283,8.637
0.590,6.666,7.256
0.989,6.872,7.861
6.668,5.934,12.602
1.292,7.338,8.630
0.223,8.579,8.802
16.789,9.695,26.484
2.224,1.208,3.432
7.537,3.021,10.558
0.219,8.936,9.155
9.024,2.142,11.166
1.959,6.967,8.926
2.572,8.474,11.045
0.680,1.896,2.576
0.090,9.543,9.633
1.163,6.375,7.539
6.514,4.350,10.863
7.569,3.696,11.264
1.702,7.657,9.359
1.118,3.156,4.274
1.943,3.308,5.252
3.532,6.021,9.553
1.284,3.020,4.304
4.207,0.393,4.600
0.066,8.914,8.980
7.802,6.453,14.255
3.735,6.241,9.975
1.403,8.624,10.027
0.652,7.267,7.918
3.866,3.639,7.505
4.140,7.150,11.290
1.494,7.091,8.585
1.251,7.092,8.343
2.405,0.954,3.360
3.563,3.948,7.510
2.362,6.655,9.017
0.454,6.961,7.415
0.987,7.666,8.653
1.665,1.525,3.191
1.390,7.171,8.561
2.151,7.262,9.413
0.941,7.688,8.630
4.061,3.962,8.022
5.052,9.795,14.847
1.027,0.345,1.373
0.640,6.734,7.374
2.364,0.095,2.459
1.433,7.456,8.889
3.733,7.949,11.682
1.764,5.827,7.592
2.088,2.217,4.305
4.386,7.099,11.484
1.712,2.784,4.496
1.041,8.341,9.382
0.156,1.749,1.905
1.612,4.249,5.862
2.204,3.179,5.383
5.161,1.932,7.094
0.549,1.075,1.624
0.645,4.766,5.410
7.579,1.463,9.042
8.117,9.229,17.346
11.659,6.884,18.543
0.659,3.436,4.094
0.272,5.366,5.638
2.674,0.278,2.951
15.784,8.603,24.386
1.868,6.486,8.354
2.436,7.075,9.511
6.654,1.886,8.540
1.484,3.298,4.782
0.989,2.850,3.839
4.202,4.495,8.697
1.017,3.304,4.321
2.145,8.905,11.050
0.283,1.629,1.912
1.055,8.372,9.427
4.073,6.221,10.294
2.106,8.129,10.235
3.896,0.486,4.382
1.367,1.198,2.565
4.221,3.087,7.308
0.271,9.285,9.556
1.148,8.657,9.805
6.452,9.066,15.519
3.831,9.906,13.737
1.410,3.914,5.324
2.459,8.542,11.001
0.986,4.205,5.191
0.446,3.191,3.637
6.641,3.981,10.622
1.353,1.050,2.404
2.577,9.452,12.029
4.995,4.929,9.924
0.454,0.884,1.338
2.500,7.267,9.767
6.833,2.214,9.047
3.205,4.739,7.944
2.152,0.305,2.457
3.302,3.237,6.540
13.488,6.163,19.651
7.410,9.137,16.547
1.296,6.708,8.004
0.866,9.188,10.054
2.413,4.037,6.450
3.645,0.850,4.495
5.455,5.415,10.869
0.919,1.668,2.587
14.068,3.356,17.424
3.046,7.867,10.913
0.672,3.951,4.623
0.691,4.156,4.847
3.134,3.730,6.864
1.787,4.034,5.821
1.737,3.778,5.515
10.201,3.929,14.130
1.747,6.865,8.612
1.525,6.519,8.044
6.649,2.059,8.708
0.521,2.474,2.995
2.464,7.920,10.383
4.715,5.796,10.510
6.238,3.116,9.355
0.512,4.550,5.063
0.053,0.667,0.721
3.867,3.768,7.635
0.425,0.013,0.438
0.057,0.792,0.849
1.659,6.226,7.884
5.594,3.411,9.005
2.286,1.349,3.635
5.150,6.951,12.101
2.185,7.396,9.581
5.156,3.128,8.284
0.232,5.426,5.658
2.544,8.908,11.452
0.717,6.591,7.308
3.134,4.590,7.724
0.651,5.649,6.299
4.314,7.776,12.091
2.400,1.226,3.626
2.126,7.515,9.641
2.304,4.234,6.538
3.792,2.531,6.322
1.610,5.833,7.443
1.772,5.654,7.426
0.012,0.894,0.906
14.192,4.408,18.600
1.252,9.024,10.276
0.038,4.817,4.855
0.964,3.983,4.948
0.380,3.964,4.344
2.995,8.351,11.347
5.407,3.974,9.381
3.624,9.500,13.125
13.138,6.703,19.841
7.085,9.572,16.657
0.691,7.017,7.708
1.917,5.321,7.238
4.856,0.648,5.504
1.248,6.118,7.367
2.519,1.715,4.234
9.200,4.966,14.166
0.502,4.228,4.730
3.371,6.754,10.125
4.284,0.235,4.520
1.801,7.283,9.084
0.825,6.426,7.251
0.057,8.290,8.347
0.431,3.316,3.747
1.100,7.542,8.642
4.148,7.185,11.333
5.198,9.870,15.068
7.108,0.653,7.761
1.080,9.654,10.734
0.597,2.212,2.809
5.909,3.685,9.594
4.244,6.069,10.314
0.391,1.374,1.765
1.972,7.199,9.171
2.581,8.801,11.382
0.700,6.808,7.508
2.419,7.419,9.839
8.067,4.706,12.773
0.454,0.882,1.335
1.105,0.377,1.482
6.205,4.771,10.976
1.974,5.350,7.324
1.748,2.256,4.004
4.387,4.813,9.200
5.696,3.107,8.803
2.671,4.349,7.021
2.765,1.073,3.839
6.125,7.287,13.412
9.263,9.597,18.860
9.399,9.119,18.517
5.893,9.429,15.322
2.323,7.722,10.045
5.453,8.914,14.367
0.159,0.631,0.789
0.456,9.341,9.797
0.878,7.472,8.350
7.322,6.648,13.970
0.232,8.301,8.533
3.389,0.149,3.538
5.779,2.313,8.092
1.870,6.010,7.880
4.683,6.301,10.985
0.004,8.851,8.854
0.615,9.724,10.339
11.950,1.488,13.438
2.273,0.735,3.009
1.562,2.409,3.971
8.760,5.742,14.502
12.753,1.606,14.359
2.400,5.855,8.255
3.102,2.830,5.932
5.205,7.211,12.416
1.802,8.699,10.501
6.118,4.089,10.207
0.825,1.520,2.345
2.445,8.785,11.230
0.347,8.786,9.133
1.065,8.332,9.397
1.175,2.010,3.184
2.178,1.656,3.834
4.175,2.753,6.928
0.760,5.740,6.499
0.900,4.984,5.884
0.700,8.290,8.990
6.049,7.707,13.757
3.242,8.819,12.061
5.953,1.570,7.522
18.968,4.015,22.983
1.193,2.621,3.814
10.350,4.253,14.603
5.152,4.147,9.299
0.645,6.095,6.741
0.047,0.457,0.503
0.208,9.045,9.253
1.190,1.909,3.098
1.252,1.072,2.324
4.041,9.955,13.996
3.695,9.206,12.900
2.307,4.118,6.425
0.419,6.147,6.565
0.226,6.688,6.914
4.876,6.033,10.909
2.912,2.454,5.367
1.204,0.801,2.005
4.151,2.372,6.523
0.061,8.761,8.822
2.836,3.628,6.463
2.389,2.093,4.483
0.583,3.808,4.391
1.397,8.728,10.125
1.216,9.589,10.804
1.734,4.130,5.864
3.217,8.057,11.274
2.308,7.759,10.067
4.784,0.038,4.823
1.382,6.444,7.826
0.282,8.268,8.550
2.315,0.986,3.301
0.875,9.678,10.553
2.485,1.442,3.926
0.120,3.820,3.940
9.880,1.189,11.068
0.920,7.301,8.221
6.765,5.890,12.655
3.206,9.978,13.183
6.670,9.486,16.157
0.852,6.287,7.139
3.284,2.288,5.572
0.256,2.771,3.027
1.586,5.185,6.771
8.712,8.425,17.137
4.060,6.924,10.984
5.154,4.818,9.972
2.442,4.508,6.950
0.481,3.331,3.811
1.873,4.159,6.033
13.692,0.267,13.959
6.787,2.587,9.374
2.207,3.693,5.901
1.286,5.738,7.025
1.508,5.387,6.895
1.011,8.399,9.410
3.152,4.334,7.486
9.112,1.529,10.641
5.384,5.608,10.992
3.600,8.271,11.871
6.457,7.518,13.976
11.171,6.718,17.889
0.260,7.821,8.080
4.817,5.655,10.472
0.426,7.127,7.553
2.540,2.672,5.212
1.183,0.797,1.980
0.575,7.512,8.087
2.530,0.626,3.155
6.677,9.285,15.962
0.579,5.318,5.897
3.331,3.909,7.240
4.669,9.196,13.865
0.074,6.150,6.225
6.457,2.931,9.388
0.694,5.324,6.018
1.007,1.207,2.213
3.323,8.104,11.426
6.336,2.920,9.256
11.373,5.078,16.451
0.684,6.993,7.676
2.736,5.517,8.253
1.008,2.377,3.384
1.606,2.994,4.600
3.139,7.847,10.986
3.869,1.523,5.393
0.377,8.949,9.326
3.379,9.801,13.180
0.676,6.780,7.456
2.695,8.382,11.077
1.410,2.672,4.082
0.399,8.261,8.660
0.282,2.448,2.730
3.510,5.563,9.073
5.039,0.531,5.570
5.907,4.420,10.327
1.421,9.274,10.695
7.808,8.024,15.833
1.691,3.799,5.490
0.983,0.543,1.525
1.621,0.170,1.792
9.223,8.968,18.191
0.236,6.940,7.176
2.196,1.857,4.053
0.618,4.157,4.775
0.558,5.141,5.699
2.105,2.605,4.710
0.563,4.259,4.822
2.729,0.624,3.353
2.032,9.170,11.201
1.532,5.808,7.341
1.513,2.103,3.616
0.501,9.789,10.290
5.908,8.035,13.943
0.978,4.840,5.818
0.422,2.185,2.607
3.239,3.097,6.336
7.398,8.031,15.430
6.063,0.958,7.021
1.041,6.396,7.437
0.121,8.781,8.902
1.436,1.604,3.040
8.872,8.746,17.618
1.731,7.249,8.980
10.583,3.268,13.850
2.400,3.848,6.248
0.957,2.180,3.137
0.237,7.865,8.101
1.724,1.761,3.485
0.230,2.040,2.270
0.885,1.614,2.499
5.580,2.151,7.731
2.672,6.944,9.616
1.951,4.371,6.322
1.244,4.602,5.846
1.383,9.550,10.933
1.076,6.556,7.632
1.024,2.262,3.285
8.714,3.892,12.606
0.450,0.002,0.452
0.745,4.973,5.717
0.013,2.733,2.746
3.280,8.973,12.253
1.818,6.577,8.395
1.849,3.169,5.018
7.892,5.736,13.628
1.224,3.279,4.502
1.724,6.991,8.715
5.555,1.067,6.622
3.585,6.701,10.286
2.915,5.971,8.886
5.998,3.944,9.942
5.716,1.445,7.162
11.737,0.799,12.536
0.954,2.331,3.284
2.506,4.530,7.036
7.753,2.627,10.380
4.451,8.111,12.562
5.488,3.665,9.153
5.802,0.164,5.966
0.680,0.526,1.207
5.592,8.054,13.646
0.951,1.215,2.165
5.249,0.004,5.253
7.116,1.363,8.479
7.340,4.972,12.312
5.579,7.919,13.498
2.007,9.730,11.737
1.168,3.151,4.319
0.434,7.372,7.806
9.180,6.522,15.702
3.344,6.734,10.077
0.690,6.426,7.117
0.806,1.599,2.404
8.260,5.714,13.974
1.876,8.243,10.118
0.992,9.585,10.578
4.493,4.764,9.258
10.938,3.715,14.653
0.794,7.983,8.776
6.139,4.388,10.527
2.025,0.410,2.435
2.031,7.378,9.409
1.401,3.328,4.729
1.583,1.813,3.396
0.990,7.479,8.468
3.291,9.798,13.089
10.713,8.048,18.760
2.566,9.763,12.329
0.147,9.492,9.639
3.422,0.797,4.219
1.863,1.656,3.519
2.058,6.330,8.388
3.139,7.001,10.140
1.037,7.859,8.896
0.378,1.378,1.756
0.244,3.975,4.218
10.326,8.508,18.834
0.078,4.278,4.355
0.590,7.578,8.168
6.825,3.270,10.095
2.149,1.794,3.944
0.889,1.208,2.097
2.533,6.282,8.815
2.612,1.842,4.455
3.101,2.198,5.299
1.207,5.140,6.347
0.660,9.187,9.847
0.813,9.022,9.834
0.965,7.134,8.099
0.099,8.121,8.221
2.013,5.793,7.806
0.865,8.814,9.679
0.915,1.040,1.955
2.145,5.169,7.314
2.031,0.297,2.327
2.965,1.780,4.745
4.126,7.467,11.593
6.682,6.608,13.290
8.675,4.694,13.369
0.302,7.063,7.364
3.871,9.104,12.975
0.192,7.278,7.469
1.984,9.911,11.895
6.446,6.597,13.043
1.501,1.363,2.863
1.376,3.508,4.884
3.441,9.690,13.131
2.875,9.198,12.073
2.201,3.874,6.075
1.347,5.160,6.507
0.270,3.951,4.221
0.411,0.132,0.543
2.210,5.423,7.634
0.142,9.414,9.556
1.072,6.279,7.350
8.562,0.177,8.739
0.313,9.244,9.557
3.837,6.729,10.565
0.263,2.597,2.860
0.282,3.628,3.910
3.839,2.050,5.890
1.475,3.920,5.395
3.324,3.022,6.346
0.568,6.078,6.647
0.362,6.411,6.772
1.838,8.066,9.904
5.365,8.433,13.798
5.448,1.914,7.361
2.889,4.068,6.957
6.869,0.330,7.199
1.790,1.675,3.465
9.651,1.276,10.928
2.168,1.432,3.600
4.383,5.065,9.448
2.145,2.210,4.355
0.331,5.930,6.260
1.460,1.564,3.025
0.789,4.190,4.978
1.467,1.040,2.507
1.839,9.198,11.037
0.632,7.647,8.279
9.799,8.231,18.030
2.942,5.254,8.196
0.135,4.840,4.975
1.175,9.409,10.584
3.046,7.482,10.529
1.993,1.653,3.646
1.637,4.027,5.665
3.395,4.687,8.082
3.817,0.096,3.913
7.691,7.879,15.571
1.537,8.008,9.545
0.807,9.496,10.303
5.092,8.656,13.748
9.408,8.443,17.851
6.067,9.214,15.281
2.569,1.685,4.254
1.816,7.533,9.349
0.511,1.583,2.094
0.423,2.590,3.013
2.009,9.619,11.628
1.121,7.297,8.418
2.001,1.618,3.618
0.454,2.838,3.292
1.819,8.309,10.128
1.833,5.288,7.121
1.534,8.931,10.465
0.240,4.456,4.697
1.572,2.808,4.381
1.272,0.115,1.386
1.339,0.195,1.534
1.436,7.128,8.564
1.335,3.484,4.819
0.547,7.543,8.090
3.913,5.616,9.529
4.226,3.560,7.786
5.069,0.102,5.171
0.306,5.600,5.907
0.399,7.559,7.958
4.638,8.239,12.876
0.140,9.720,9.859
3.067,4.442,7.509
2.084,6.906,8.990
0.220,4.145,4.364
1.118,0.428,1.546
0.325,7.274,7.598
1.460,9.632,11.093
4.257,4.045,8.301
1.561,0.687,2.248
3.463,7.113,10.576
0.430,4.818,5.248
7.214,1.205,8.418
6.078,2.408,8.486
0.912,2.467,3.378
0.716,7.875,8.592
1.156,1.720,2.876
0.223,9.141,9.363
0.974,7.893,8.867
0.894,2.957,3.851
3.775,7.269,11.045
4.584,1.002,5.586
2.792,7.675,10.467
2.290,2.969,5.259
0.277,6.023,6.301
1.407,8.265,9.671
1.365,1.941,3.306
6.070,6.194,12.263
7.896,7.165,15.060
3.773,8.041,11.813
7.515,4.457,11.972
1.729,8.636,10.365
0.351,3.476,3.827
1.121,3.488,4.609
2.304,8.806,11.110
1.507,3.745,5.253
3.266,7.352,10.618
0.591,4.618,5.209
6.435,6.586,13.020
1.410,5.552,6.962
2.705,3.158,5.863
0.656,3.897,4.553
2.027,0.555,2.582
2.612,9.405,12.018
3.581,4.572,8.153
0.129,1.832,1.961
1.052,3.186,4.238
0.705,1.354,2.059
0.445,1.652,2.097
1.576,5.900,7.476
2.812,2.025,4.837
0.326,6.993,7.319
0.229,1.734,1.964
2.029,3.330,5.359
0.563,6.053,6.616
5.394,0.389,5.783
1.010,0.553,1.563
8.696,4.463,13.159
0.731,2.119,2.850
0.097,9.358,9.455
5.382,7.880,13.261
4.302,6.016,10.318
0.385,6.786,7.171
0.585,5.236,5.821
1.900,1.257,3.157
0.613,6.206,6.819
0.163,0.365,0.527
1.324,6.754,8.078
0.053,4.736,4.789
0.427,6.764,7.191
0.324,7.393,7.718
5.174,8.527,13.701
5.699,3.267,8.966
0.607,1.159,1.766
1.196,7.192,8.388
5.201,3.511,8.711
0.660,0.936,1.596
0.508,8.169,8.676
9.025,9.643,18.667
5.743,0.815,6.558
0.573,0.033,0.605
4.338,9.168,13.506
0.299,7.837,8.136
0.777,2.780,3.556
5.361,0.151,5.512
4.943,6.289,11.232
2.020,9.287,11.307
0.934,3.096,4.030
1.771,1.521,3.292
4.785,6.023,10.808
1.957,8.250,10.207
3.867,3.776,7.643
1.845,1.713,3.558
0.298,2.336,2.633
1.650,7.406,9.056
7.014,4.191,11.205
1.546,1.688,3.234
1.467,7.048,8.515
0.018,8.860,8.879
1.176,7.939,9.115
5.610,0.971,6.582
3.972,3.833,7.805
8.509,9.525,18.034
1.100,5.710,6.810
1.690,2.448,4.138
2.127,4.681,6.808
3.063,4.520,7.583
1.344,7.720,9.064
1.211,3.411,4.622
2.383,7.852,10.236
2.571,7.330,9.901
0.087,1.046,1.133
0.154,0.845,0.999
7.636,8.539,16.174
1.820,1.027,2.847
4.405,3.601,8.006
3.214,5.369,8.583
0.662,9.479,10.141
2.044,3.246,5.291
3.896,5.416,9.312
0.816,0.445,1.261
2.798,7.972,10.770
5.602,3.929,9.531
1.106,5.805,6.911
1.814,5.416,7.229
4.545,2.578,7.123
5.320,8.362,13.682
2.482,7.343,9.825
0.080,5.014,5.093
0.297,9.964,10.261
1.614,2.518,4.133
0.095,0.545,0.640
2.800,9.078,11.879
0.485,8.690,9.175
10.711,1.349,12.060
1.659,5.542,7.201
2.087,5.606,7.693
6.603,9.554,16.157
1.107,6.862,7.969
11.179,3.695,14.874
0.878,6.003,6.882
3.083,6.577,9.660
5.659,0.890,6.548
0.147,4.966,5.113
1.856,7.994,9.850
3.831,3.816,7.647
9.957,2.313,12.270
1.121,1.698,2.819
2.213,4.965,7.178
1.194,2.759,3.953
1.740,1.511,3.252
3.093,0.125,3.218
1.606,5.548,7.154
0.019,7.720,7.739
3.701,2.386,6.087
15.135,8.916,24.052
2.877,1.384,4.262
5.960,4.403,10.363
3.607,3.885,7.492
1.131,4.437,5.568
0.457,1.812,2.269
1.887,0.250,2.137
0.476,2.733,3.209
2.956,5.165,8.121
0.419,8.911,9.330
6.985,8.278,15.263
9.964,3.637,13.601
8.277,9.795,18.072
0.891,0.557,1.448
3.050,3.625,6.675
5.856,5.865,11.720
1.752,0.064,1.815
3.019,1.455,4.474
0.145,9.588,9.733
3.311,9.168,12.480
1.798,1.306,3.104
0.402,0.901,1.303
1.299,4.521,5.819
4.066,5.154,9.220
0.852,7.424,8.276
13.282,5.840,19.122
4.386,3.580,7.966
0.480,7.008,7.488
3.104,7.471,10.575
3.007,0.585,3.592
4.761,5.286,10.047
0.469,7.771,8.240
5.576,0.234,5.810
1.483,1.774,3.257
0.714,0.949,1.663
2.180,3.757,5.936
5.979,2.171,8.150
12.939,2.308,15.248
1.310,3.209,4.519
6.339,5.974,12.313
6.331,7.046,13.377
1.501,9.787,11.287
0.099,2.877,2.975
10.808,0.795,11.603
0.348,7.739,8.087
1.131,7.611,8.742
0.023,4.452,4.475
4.020,4.217,8.237
1.217,3.693,4.910
3.989,7.124,11.114
4.194,4.746,8.939
0.204,2.666,2.871
4.394,1.591,5.985
1.886,1.121,3.007
0.536,0.364,0.900
2.207,6.529,8.736
3.700,6.972,10.671
0.698,8.742,9.440
0.767,0.371,1.138
1.680,4.884,6.563
0.827,3.503,4.330
2.579,5.422,8.001
0.175,3.267,3.442
0.760,5.793,6.553
0.208,1.440,1.648
9.807,0.424,10.232
0.135,2.431,2.567
0.792,0.337,1.129
0.493,2.029,2.521
6.932,6.424,13.355
3.100,3.264,6.364
11.798,5.161,16.959
3.827,6.416,10.243
0.395,5.018,5.413
1.952,0.564,2.516
1.645,4.095,5.739
0.285,1.250,1.535
6.246,8.641,14.887
2.359,3.304,5.663
4.377,3.683,8.060
4.621,5.027,9.648
0.232,6.681,6.913
2.885,5.668,8.554
12.079,3.111,15.190
0.201,2.123,2.324
1.442,6.122,7.563
6.527,7.705,14.232
2.192,5.200,7.391
0.521,8.212,8.733
7.097,4.128,11.225
6.867,9.363,16.230
1.887,3.255,5.142
1.471,2.871,4.342
2.710,4.071,6.781
9.821,9.206,19.027
2.716,3.807,6.523
1.063,1.831,2.894
0.260,1.368,1.628
2.833,0.796,3.629
1.204,0.588,1.792
3.001,0.454,3.456
7.347,2.246,9.593
5.493,9.887,15.380
14.685,8.469,23.154
1.161,0.364,1.525
1.599,0.474,2.073
0.067,8.370,8.437
1.407,0.526,1.933
4.116,5.329,9.445
2.600,0.179,2.779
0.486,1.042,1.528
1.074,7.631,8.705
3.128,9.912,13.040
7.547,9.812,17.359
1.865,7.640,9.505
3.233,0.552,3.785
6.927,9.657,16.584
3.645,5.532,9.177
9.001,6.208,15.210
2.404,0.710,3.115
1.754,3.836,5.590
1.183,9.746,10.929
3.042,7.692,10.733
6.929,6.876,13.805
1.152,5.808,6.960
8.240,9.862,18.102
6.035,3.908,9.943
10.770,4.928,15.698
3.841,7.859,11.699
2.050,4.293,6.342
2.979,9.070,12.049
1.287,0.258,1.545
2.692,6.217,8.909
1.519,8.852,10.371
0.498,8.274,8.772
0.170,1.940,2.110
1.796,6.890,8.686
0.833,0.491,1.324
3.104,0.179,3.282
0.706,8.900,9.605
1.045,5.384,6.429
2.765,4.753,7.519
1.085,1.632,2.717
0.247,1.443,1.689
3.529,4.614,8.144
3.308,4.154,7.462
1.380,3.728,5.108
5.729,3.054,8.783
4.733,8.918,13.651
3.215,4.302,7.517
2.323,9.188,11.511
2.870,3.324,6.194
1.595,8.697,10.292
0.563,5.751,6.314
6.157,5.863,12.020
0.609,5.794,6.403
0.396,1.961,2.357
0.075,6.023,6.098
2.330,3.132,5.462
0.246,5.603,5.849
5.011,2.699,7.710
0.869,2.333,3.202
0.378,7.340,7.717
3.727,9.866,13.593
8.056,7.122,15.178
1.936,2.237,4.173
13.965,1.732,15.698
1.232,4.072,5.304
4.039,8.605,12.644
2.642,9.240,11.881
0.169,9.068,9.237
2.784,7.738,10.523
2.259,2.161,4.421
1.671,6.783,8.454
1.597,8.919,10.516
5.224,6.631,11.856
3.384,7.407,10.790
0.481,0.711,1.192
7.263,0.080,7.343
1.553,2.787,4.340
0.785,0.631,1.416
2.710,0.204,2.914
0.060,4.431,4.491
1.062,1.484,2.545
0.992,6.957,7.949
7.053,2.770,9.823
2.307,4.812,7.119
0.507,9.918,10.425
0.019,1.776,1.795
0.249,7.209,7.459
0.362,5.365,5.728
3.037,7.267,10.304
7.013,7.809,14.822
1.111,3.107,4.218
0.733,6.376,7.109
1.748,9.687,11.435
3.680,2.453,6.133
1.474,2.448,3.921
4.788,0.504,5.292
1.377,0.355,1.733
3.870,5.290,9.160
0.351,7.006,7.357
2.729,5.914,8.643
2.536,5.967,8.502
2.462,9.193,11.655
0.990,6.659,7.649
2.934,2.113,5.047
2.043,0.793,2.836
10.310,6.161,16.472
1.402,4.802,6.204
0.536,7.218,7.754
7.103,0.827,7.930
0.088,6.375,6.463
2.254,5.634,7.888
2.708,8.562,11.269
1.523,1.286,2.809
2.049,7.661,9.710
4.938,8.702,13.640
1.993,8.264,10.256
1.417,4.232,5.648
0.282,4.331,4.612
8.524,4.333,12.857
0.164,1.396,1.560
9.999,7.665,17.664
2.389,9.691,12.081
0.201,2.964,3.165
1.234,7.024,8.258
5.953,2.081,8.034
4.059,5.234,9.293
0.433,4.340,4.773
0.406,5.209,5.615
4.239,3.138,7.376
3.277,9.861,13.139
2.964,0.345,3.309
0.106,2.107,2.213
2.660,6.065,8.725
4.521,2.326,6.846
11.529,7.491,19.020
3.800,2.850,6.650
4.766,8.617,13.383
1.101,5.605,6.706
8.454,2.635,11.089
0.196,5.565,5.761
0.176,9.232,9.408
0.679,7.278,7.957
2.970,2.094,5.063
0.255,2.885,3.139
4.314,8.514,12.828
1.699,6.401,8.100
3.802,3.354,7.156
5.769,9.621,15.390
4.861,0.267,5.128
5.835,2.957,8.792
2.541,3.825,6.365
0.987,0.324,1.311
1.918,9.758,11.676
0.659,3.822,4.481
8.688,3.112,11.800
3.458,8.999,12.457
2.891,0.913,3.804
1.483,8.543,10.025
2.876,7.312,10.188
1.249,1.416,2.665
3.051,8.306,11.358
1.141,8.972,10.113
0.867,2.799,3.666
4.473,5.830,10.303
2.485,9.711,12.196
21.376,1.990,23.366
0.389,4.813,5.202
5.224,4.868,10.091
11.013,9.974,20.987
0.276,9.692,9.968
9.653,5.323,14.976
2.268,2.091,4.359
1.258,3.137,4.395
3.517,0.546,4.063
15.361,3.275,18.637
3.447,5.511,8.958
3.980,2.350,6.330
0.757,4.234,4.991
0.992,6.575,7.567
5.676,8.759,14.436
5.305,6.595,11.900
2.798,7.142,9.940
1.418,7.024,8.442
4.619,7.543,12.162
0.122,8.893,9.015
2.212,2.041,4.253
2.218,6.424,8.643
5.302,3.042,8.343
0.419,7.859,8.278
3.358,6.581,9.939
0.279,4.131,4.410
4.505,1.963,6.468
3.821,5.295,9.116
2.377,1.240,3.617
0.824,7.365,8.188
0.298,0.933,1.231
8.474,4.136,12.610
0.115,0.295,0.409
1.763,1.825,3.589
0.760,9.461,10.222
3.363,9.038,12.401
0.031,3.973,4.004
0.359,6.629,6.989
0.277,4.546,4.823
5.585,6.768,12.353
0.005,4.804,4.809
1.053,4.777,5.829
6.604,6.063,12.667
0.752,7.875,8.626
0.232,6.059,6.292
1.645,8.011,9.657
3.513,7.959,11.472
0.052,5.380,5.431
4.916,2.374,7.291
4.377,4.782,9.159
11.183,0.319,11.502
1.199,5.230,6.429
3.231,8.753,11.984
3.303,4.433,7.736
0.116,5.743,5.859
4.986,1.638,6.623
1.671,2.628,4.299
0.838,8.643,9.481
3.820,9.263,13.083
5.601,1.952,7.553
2.610,7.446,10.056
5.629,0.143,5.772
1.152,6.878,8.031
2.858,0.862,3.719
4.173,5.211,9.384
1.816,0.893,2.709
3.396,9.015,12.411
0.736,8.825,9.561
1.394,9.269,10.662
3.123,0.594,3.717
6.645,0.650,7.295
1.241,2.775,4.015
0.469,4.057,4.527
6.731,9.551,16.282
8.685,6.362,15.046
4.458,0.215,4.673
6.782,2.341,9.124
2.420,4.796,7.216
7.802,8.975,16.776
2.804,5.809,8.613
2.536,2.275,4.811
5.075,3.389,8.464
2.756,7.133,9.888
2.948,4.577,7.525
0.854,8.487,9.341
6.197,7.911,14.108
0.372,4.988,5.360
6.068,8.997,15.066
1.403,4.049,5.452
0.742,4.463,5.205
9.902,6.128,16.031
1.285,2.830,4.115
4.093,5.021,9.114
2.481,1.477,3.958
1.103,6.591,7.693
0.299,2.005,2.304
6.579,9.490,16.069
0.544,3.659,4.202
0.994,7.495,8.489
4.807,3.336,8.144
1.481,7.978,9.460
0.192,9.917,10.109
4.922,0.379,5.301
0.601,9.314,9.915
0.375,2.732,3.107
3.166,4.562,7.728
0.100,0.390,0.490
3.121,0.388,3.509
1.243,2.485,3.728
7.592,8.276,15.868
5.620,2.137,7.756
1.370,4.047,5.417
3.722,6.930,10.652
4.752,4.519,9.272
5.050,7.419,12.469
1.962,9.362,11.323
1.517,2.064,3.581
4.408,7.417,11.825
0.685,1.975,2.660
1.219,8.811,10.030
0.263,3.900,4.163
2.262,7.929,10.191
2.939,7.600,10.539
1.427,4.975,6.402
5.920,2.154,8.074
11.087,1.748,12.835
1.934,9.755,11.688
4.577,5.473,10.051
0.760,8.259,9.019
1.036,8.786,9.822
0.692,7.219,7.910
0.922,9.915,10.836
2.707,7.854,10.561
0.155,0.974,1.129
0.252,7.067,7.319
2.673,6.680,9.353
6.651,4.929,11.581
0.175,3.237,3.412
1.079,1.467,2.545
0.839,7.124,7.964
0.253,2.927,3.180
4.852,7.282,12.135
2.797,4.590,7.387
5.492,8.852,14.344
2.130,6.901,9.031
0.085,3.910,3.995
1.971,4.185,6.156
0.295,4.926,5.221
0.284,7.474,7.759
1.105,0.313,1.419
7.245,6.551,13.796
1.889,3.107,4.997
0.883,9.263,10.145
1.264,9.886,11.149
0.468,4.403,4.872
2.006,2.395,4.402
4.887,3.837,8.724
0.878,8.553,9.431
0.513,1.282,1.795
1.705,4.828,6.533
0.520,1.747,2.267
3.079,9.911,12.990
5.485,1.800,7.285
6.578,4.405,10.983
12.040,2.600,14.640
0.605,3.853,4.458
1.085,1.982,3.068
1.680,6.569,8.249
12.846,5.858,18.704
0.198,1.626,1.824
0.670,4.494,5.164
5.962,5.643,11.605
1.161,2.151,3.312
0.144,9.926,10.070
0.355,3.389,3.745
10.798,5.195,15.993
1.078,0.354,1.432
1.514,1.522,3.036
1.983,9.532,11.515
0.294,9.713,10.007
1.258,0.918,2.175
3.151,8.899,12.050
0.240,7.168,7.409
0.944,6.527,7.471
5.672,9.174,14.846
4.070,1.674,5.743
2.716,2.499,5.216
7.230,0.411,7.641
0.084,7.955,8.039
1.806,3.527,5.333
0.215,5.830,6.045
2.698,6.702,9.401
0.003,6.322,6.325
0.556,7.635,8.191
11.963,1.777,13.741
8.103,8.697,16.800
2.677,3.570,6.247
1.145,8.943,10.088
3.391,5.918,9.309
1.578,7.431,9.010
15.974,1.493,17.467
3.749,1.677,5.426
0.896,4.939,5.835
2.355,5.265,7.620
1.537,8.001,9.537
1.107,4.436,5.543
0.653,0.227,0.881
0.005,8.509,8.514
6.019,8.032,14.051
1.451,7.454,8.906
2.877,1.959,4.836
4.867,2.443,7.309
6.644,9.149,15.794
1.361,3.545,4.906
0.996,3.315,4.310
2.930,3.648,6.577
1.028,5.920,6.948
0.106,2.968,3.074
4.208,3.275,7.483
2.254,0.284,2.538
1.345,1.339,2.684
5.754,1.437,7.191
2.413,1.816,4.229
3.769,0.789,4.558
2.225,5.280,7.505
2.578,8.849,11.427
0.409,7.538,7.947
2.698,7.133,9.830
4.061,4.083,8.144
2.884,7.489,10.373
7.928,6.937,14.865
3.446,1.291,4.737
6.419,0.194,6.613
0.698,1.261,1.959
0.041,7.970,8.011
7.277,0.545,7.822
7.725,8.361,16.086
2.444,3.363,5.807
2.115,0.478,2.593
1.951,5.259,7.209
1.786,2.603,4.389
1.896,2.319,4.214
1.277,6.431,7.708
0.404,8.714,9.118
3.521,6.440,9.961
0.024,4.919,4.943
6.885,8.533,15.419
0.388,5.072,5.460
2.128,8.456,10.584
3.281,3.089,6.371
1.787,5.495,7.282
0.255,4.108,4.363
2.402,9.095,11.497
1.486,6.603,8.089
9.206,8.729,17.934
1.211,7.274,8.486
3.150,8.599,11.749
1.234,4.142,5.376
3.018,4.712,7.730
5.552,1.617,7.169
0.479,1.300,1.779
1.691,0.932,2.622
6.393,0.374,6.767
0.161,2.241,2.402
1.931,6.473,8.404
1.176,9.404,10.580
10.959,0.870,11.829
11.419,5.648,17.067
2.017,1.182,3.198
2.471,6.750,9.221
6.009,0.105,6.114
3.454,5.955,9.409
0.455,1.340,1.795
0.046,5.441,5.487
6.813,6.532,13.344
3.118,8.177,11.294
5.095,0.770,5.865
1.454,7.128,8.583
1.747,8.250,9.997
1.067,9.467,10.534
0.267,5.691,5.958
4.021,4.603,8.624
2.353,2.931,5.284
12.434,5.714,18.148
0.855,7.051,7.907
3.705,0.356,4.062
2.686,8.394,11.080
1.532,4.001,5.533
0.459,3.880,4.339
1.646,2.084,3.730
3.859,6.949,10.808
3.702,3.826,7.527
8.110,1.204,9.314
7.308,6.526,13.834
3.146,9.487,12.633
3.812,3.965,7.777
0.457,9.114,9.570
6.150,2.583,8.733
0.545,1.573,2.118
12.901,6.409,19.310
4.217,2.121,6.338
1.211,2.056,3.267
1.661,4.458,6.119
3.423,9.461,12.884
1.591,5.772,7.364
2.079,8.563,10.641
0.568,0.816,1.384
0.546,3.122,3.668
1.677,1.910,3.587
1.174,1.655,2.829
0.002,4.079,4.082
2.171,8.468,10.640
3.138,2.651,5.790
6.369,7.289,13.658
4.015,8.265,12.280
1.154,0.044,1.198
3.157,5.769,8.926
7.478,6.514,13.992
4.135,9.873,14.007
6.137,6.296,12.433
0.001,2.851,2.852
2.619,2.499,5.117
4.962,6.965,11.928
1.383,8.527,9.910
0.548,3.148,3.696
0.739,3.510,4.248
1.330,4.110,5.441
1.705,3.867,5.572
3.886,0.845,4.731
3.833,1.405,5.239
0.496,1.877,2.373
3.301,9.447,12.748
1.921,7.030,8.952
2.353,9.130,11.483
1.554,8.375,9.929
4.844,5.625,10.469
3.346,5.135,8.481
6.023,1.530,7.553
0.357,5.879,6.236
11.308,2.003,13.310
0.498,3.570,4.068
0.689,2.028,2.717
1.538,9.776,11.313
0.741,3.686,4.427
1.939,7.561,9.500
3.354,5.380,8.734
7.288,7.597,14.885
2.847,4.552,7.399
0.146,4.052,4.199
0.703,5.987,6.690
2.541,2.523,5.064
0.528,7.569,8.097
0.649,1.110,1.759
0.510,2.140,2.650
2.312,0.774,3.087
9.479,3.362,12.841
11.597,4.819,16.416
2.277,2.667,4.944
1.568,3.542,5.110
1.752,9.009,10.761
2.664,9.980,12.644
1.582,9.109,10.691
1.235,0.943,2.179
5.020,4.119,9.139
2.023,8.971,10.994
1.296,1.256,2.552
0.932,0.202,1.134
4.715,0.739,5.454
0.058,3.702,3.761
4.332,6.693,11.024
7.050,5.302,12.352
1.325,4.494,5.819
3.885,8.391,12.276
0.749,0.235,0.984
0.145,5.210,5.355
7.457,2.088,9.546
0.219,3.920,4.139
2.291,2.541,4.832
1.174,6.594,7.768
1.467,2.083,3.550
2.573,5.599,8.171
17.532,2.514,20.046
3.691,1.853,5.543
2.320,0.816,3.136
0.808,4.396,5.204
0.857,3.304,4.161
3.127,8.059,11.186
2.282,5.244,7.526
7.632,6.370,14.002
3.011,8.699,11.711
1.087,8.088,9.175
2.596,2.953,5.549
1.536,8.885,10.420
0.060,3.644,3.704
0.071,6.711,6.782
0.452,2.860,3.313
0.973,1.866,2.839
8.220,1.301,9.521
0.125,4.451,4.576
1.995,6.134,8.129
1.550,4.523,6.074
3.023,4.196,7.218
0.556,6.248,6.804
3.897,6.156,10.053
2.363,9.527,11.890
0.373,9.738,10.112
8.864,0.530,9.393
0.596,7.366,7.962
5.499,2.353,7.852
1.792,1.083,2.876
2.707,6.024,8.731
0.909,0.338,1.247
3.934,3.318,7.252
1.237,1.870,3.107
1.358,0.132,1.490
4.056,5.105,9.161
0.023,4.744,4.766
0.440,3.431,3.870
3.933,7.018,10.950
3.702,8.569,12.270
7.815,6.109,13.924
3.318,2.525,5.843
3.285,5.469,8.754
2.952,0.011,2.962
1.570,1.551,3.121
9.367,8.474,17.842
2.851,4.129,6.980
5.424,2.317,7.742
0.377,4.250,4.627
2.511,4.840,7.352
3.234,1.499,4.733
2.334,3.964,6.297
5.863,4.168,10.031
0.415,6.706,7.121
5.300,8.820,14.121
1.782,7.588,9.370
0.492,0.412,0.904
0.519,9.499,10.018
1.252,3.107,4.358
0.472,4.480,4.952
9.605,0.812,10.417
4.918,7.452,12.370
5.903,3.398,9.301
1.082,0.360,1.441
2.779,0.858,3.637
7.262,0.880,8.143
0.486,7.309,7.795
0.973,2.440,3.413
0.622,9.718,10.340
1.251,2.238,3.490
10.924,7.720,18.644
5.482,5.160,10.642
2.354,0.425,2.779
8.654,1.990,10.644
5.655,5.028,10.683
0.213,2.946,3.159
0.958,0.838,1.796
8.958,9.387,18.345
1.708,6.476,8.184
4.979,4.258,9.237
0.299,5.631,5.930
5.381,3.482,8.863
3.101,1.515,4.616
3.267,8.409,11.676
6.083,9.408,15.491
0.479,8.612,9.091
3.486,7.335,10.821
0.797,0.110,0.907
0.300,2.374,2.674
4.770,1.581,6.352
4.980,0.331,5.312
12.111,4.450,16.561
11.088,6.707,17.795
2.657,8.258,10.915
3.348,4.805,8.153
0.406,4.317,4.722
0.637,1.808,2.445
0.272,4.388,4.660
0.797,2.672,3.468
4.103,2.701,6.804
2.993,6.040,9.032
1.963,8.088,10.050
0.154,5.544,5.698
1.298,1.508,2.806
6.521,1.591,8.112
4.338,7.790,12.128
1.496,9.742,11.239
3.023,0.942,3.965
0.318,3.853,4.171
0.074,6.820,6.894
1.308,8.099,9.407
0.265,9.212,9.477
1.437,9.626,11.063
3.214,8.451,11.665
1.404,2.116,3.520
2.008,0.457,2.465
5.854,8.990,14.844
6.112,8.357,14.468
0.796,6.144,6.940
0.367,1.212,1.580
0.072,1.204,1.276
10.652,2.320,12.972
2.344,5.722,8.066
1.144,2.885,4.029
2.926,1.225,4.151
1.905,7.642,9.548
10.287,8.774,19.061
8.007,9.234,17.241
2.272,7.538,9.810
1.894,3.900,5.794
5.896,1.819,7.715
4.685,5.444,10.129
8.442,6.604,15.046
1.506,0.192,1.698
2.713,0.945,3.658
0.589,1.557,2.146
3.191,1.896,5.087
2.096,9.973,12.069
2.202,0.530,2.733
0.260,7.635,7.895
2.257,1.348,3.605
10.822,4.410,15.232
6.572,0.277,6.849
0.589,0.164,0.753
0.244,8.085,8.330
3.431,6.693,10.125
1.032,6.836,7.868
1.114,5.654,6.768
1.030,8.713,9.743
0.114,1.893,2.007
2.271,3.254,5.525
8.838,3.852,12.690
2.057,8.549,10.606
0.173,5.540,5.713
1.495,8.137,9.632
0.277,3.829,4.106
1.947,6.658,8.604
1.180,5.251,6.431
1.514,4.243,5.757
0.236,3.911,4.147
4.049,2.308,6.357
11.697,7.917,19.615
6.005,6.274,12.279
0.995,8.756,9.751
0.948,7.566,8.514
0.953,2.042,2.995
0.164,0.602,0.765
0.471,4.639,5.110
0.441,3.718,4.160
4.995,8.950,13.945
0.107,9.246,9.353
3.537,6.329,9.865
7.831,7.112,14.943
16.562,3.450,20.012
0.247,7.591,7.839
0.825,4.523,5.348
1.682,1.461,3.143
2.118,9.636,11.754
0.433,5.643,6.075
0.608,6.665,7.273
2.216,1.008,3.224
2.025,6.879,8.904
6.827,7.721,14.547
2.381,8.261,10.642
1.167,1.822,2.989
0.105,3.807,3.911
6.028,6.358,12.386
5.800,5.280,11.080
8.328,0.801,9.129
3.846,7.252,11.098
7.481,2.171,9.652
0.022,6.200,6.222
1.375,2.590,3.964
4.614,4.971,9.585
0.549,9.070,9.619
0.715,6.885,7.600
0.871,5.452,6.323
11.609,8.800,20.410
0.912,9.086,9.997
1.822,1.654,3.475
5.138,2.584,7.722
6.554,4.233,10.787
2.511,3.150,5.661
1.071,5.853,6.924
4.514,5.717,10.230
3.239,2.453,5.692
1.261,1.902,3.163
2.199,4.889,7.087
2.582,6.219,8.801
4.146,6.965,11.111
2.577,2.393,4.970
0.204,7.539,7.742
5.851,5.781,11.632
1.131,7.830,8.962
1.060,9.902,10.962
3.975,8.063,12.038
3.974,1.413,5.387
14.451,7.074,21.525
0.562,3.852,4.415
3.894,6.375,10.269
4.905,1.769,6.674
2.604,9.476,12.081
4.069,6.660,10.729
2.471,4.445,6.916
2.844,7.865,10.709
3.307,1.132,4.438
1.866,4.342,6.207
0.511,3.937,4.448
3.607,0.501,4.108
1.466,1.552,3.018
0.361,4.714,5.074
7.508,0.903,8.411
4.797,5.553,10.350
1.211,8.154,9.366
3.437,1.402,4.839
1.871,4.136,6.006
1.104,1.279,2.383
1.410,1.480,2.890
1.223,4.154,5.377
0.081,7.610,7.691
0.565,8.492,9.058
4.448,5.039,9.487
3.322,6.340,9.662
13.006,1.781,14.787
1.312,7.186,8.498
0.230,8.713,8.944
0.173,3.374,3.547
6.033,1.479,7.511
0.101,9.604,9.706
2.092,2.064,4.156
0.025,4.387,4.411
1.432,0.803,2.235
1.579,7.747,9.326
4.155,7.636,11.791
8.957,0.752,9.709
0.792,1.109,1.900
1.835,7.644,9.479
0.404,3.944,4.348
4.814,4.295,9.109
13.366,7.833,21.199
1.939,5.740,7.679
4.782,9.114,13.896
1.951,1.714,3.665
12.875,9.495,22.370
4.036,3.165,7.201
0.428,3.942,4.369
7.396,3.342,10.738
0.817,7.434,8.252
2.362,2.607,4.970
4.135,6.934,11.070
2.495,1.859,4.355
4.255,1.474,5.729
2.723,7.330,10.053
1.116,0.061,1.176
2.217,9.362,11.579
1.358,1.453,2.811
4.148,8.564,12.712
1.056,6.088,7.144
2.767,5.327,8.093
0.588,9.972,10.560
3.626,9.649,13.275
1.964,9.487,11.451
4.881,3.921,8.802
0.813,7.715,8.528
4.414,6.690,11.104
3.079,2.669,5.749
0.146,4.776,4.922
0.856,0.182,1.038
1.202,6.764,7.966
2.945,2.134,5.079
5.032,3.739,8.771
2.975,4.048,7.024
0.495,8.862,9.357
6.945,7.809,14.754
2.753,4.459,7.212
0.820,9.813,10.633
3.515,7.565,11.079
1.926,4.665,6.591
4.452,7.696,12.149
4.391,2.635,7.026
0.342,8.401,8.743
0.612,9.999,10.610
6.780,2.008,8.788
1.859,8.616,10.475
2.180,9.006,11.186
0.626,2.286,2.911
3.727,0.948,4.675
0.525,1.829,2.354
0.731,5.504,6.235
3.823,6.259,10.082
0.778,8.416,9.194
1.493,8.046,9.539
7.253,5.835,13.088
0.503,0.072,0.575
3.630,3.314,6.944
1.179,7.081,8.260
1.855,0.712,2.567
5.197,2.447,7.644
2.600,4.350,6.951
0.208,0.746,0.954
7.814,9.433,17.246
3.249,9.165,12.414
1.804,9.220,11.024
1.848,8.375,10.223
0.017,1.489,1.506
0.587,0.490,1.077
0.672,3.172,3.845
0.334,7.973,8.307
2.226,0.755,2.981
6.890,4.665,11.555
4.812,1.161,5.973
13.081,4.963,18.044
1.393,1.744,3.136
0.683,1.188,1.871
6.233,5.385,11.618
3.486,5.035,8.521
1.306,2.848,4.154
0.096,7.773,7.870
1.271,5.185,6.455
0.045,2.995,3.040
0.869,2.982,3.851
1.352,8.610,9.962
4.154,1.543,5.697
7.045,2.742,9.786
0.785,7.443,8.228
5.805,9.260,15.065
0.608,0.026,0.634
0.212,3.689,3.901
0.455,8.756,9.211
0.996,8.861,9.856
2.349,1.534,3.883
0.657,2.838,3.496
6.094,1.951,8.044
0.396,0.284,0.681
2.681,2.913,5.594
2.439,5.197,7.637
2.729,4.634,7.364
1.987,4.117,6.105
2.891,3.156,6.046
1.859,6.623,8.482
2.958,4.825,7.783
9.999,3.925,13.924
1.109,4.968,6.077
8.063,8.325,16.387
3.885,1.463,5.348
4.845,2.696,7.541
1.844,7.981,9.825
2.919,9.657,12.576
0.674,8.274,8.948
2.362,7.032,9.394
2.623,6.508,9.131
1.888,9.198,11.086
6.394,6.627,13.021
4.309,6.955,11.264
1.880,2.201,4.082
3.754,4.224,7.978
1.527,5.657,7.183
2.497,3.014,5.511
1.494,8.652,10.146
0.327,2.296,2.623
0.414,4.844,5.258
0.972,3.655,4.627
1.965,3.934,5.899
0.129,9.351,9.480
8.641,9.732,18.373
0.062,3.207,3.269
1.982,9.023,11.005
1.833,0.582,2.415
0.992,5.849,6.841
0.089,5.542,5.631
9.171,0.926,10.098
0.172,4.021,4.192
1.251,6.248,7.499
2.908,2.953,5.861
7.436,8.608,16.043
5.861,5.673,11.534
0.498,0.486,0.984
3.642,7.654,11.296
7.087,9.495,16.582
2.343,9.260,11.603
5.997,4.965,10.962
2.989,0.123,3.113
1.792,8.207,9.999
2.112,6.012,8.124
4.340,9.680,14.021
17.698,7.639,25.336
7.545,5.091,12.636
4.237,8.904,13.141
4.898,9.213,14.111
5.015,4.971,9.986
0.654,9.799,10.453
5.164,1.528,6.692
7.577,3.882,11.459
1.776,6.343,8.119
7.501,4.024,11.526
4.703,6.149,10.852
2.628,0.201,2.829
6.063,5.288,11.351
0.267,5.444,5.711
1.027,7.966,8.994
1.908,5.935,7.843
2.372,4.827,7.199
6.310,4.486,10.796
7.566,0.856,8.422
0.288,1.602,1.890
1.338,2.194,3.532
0.495,4.269,4.764
0.751,8.759,9.510
2.125,0.490,2.615
17.782,1.498,19.280
0.489,2.743,3.231
4.004,8.586,12.590
0.332,0.302,0.634
0.926,2.357,3.283
1.976,3.132,5.108
1.116,7.882,8.998
0.801,8.577,9.378
0.859,0.842,1.701
3.909,1.991,5.900
1.079,9.288,10.367
1.246,7.345,8.592
1.314,3.867,5.182
2.398,3.579,5.977
1.635,2.960,4.595
1.283,6.170,7.454
1.289,8.858,10.147
3.705,5.741,9.446
2.305,7.572,9.877
1.708,5.108,6.816
2.618,8.187,10.805
0.721,1.354,2.076
3.849,5.704,9.553
2.612,5.149,7.762
5.025,4.770,9.796
1.331,0.436,1.767
0.203,3.782,3.985
0.102,2.079,2.181
0.081,7.171,7.253
4.797,0.811,5.608
1.531,7.481,9.012
1.194,5.616,6.810
1.135,1.343,2.478
5.071,0.673,5.744
3.948,3.689,7.638
0.306,8.024,8.330
1.693,6.085,7.777
12.454,3.631,16.085
2.857,6.847,9.704
0.460,9.390,9.850
2.309,1.099,3.408
1.221,1.641,2.861
1.889,8.445,10.334
5.372,1.425,6.797
1.846,6.938,8.784
1.949,1.997,3.946
7.077,5.722,12.799
3.439,2.483,5.922
3.747,0.507,4.255
6.661,0.694,7.355
3.690,7.547,11.237
1.635,1.788,3.423
4.711,3.359,8.070
5.399,7.368,12.767
3.358,4.903,8.261
7.703,4.621,12.324
0.001,5.131,5.132
2.682,9.351,12.033
3.358,1.595,4.953
0.311,7.471,7.782
7.621,7.658,15.279
4.347,8.897,13.244
0.269,2.521,2.790
2.437,1.244,3.682
0.748,1.228,1.976
1.906,4.662,6.568
1.853,0.659,2.513
3.061,7.513,10.573
5.574,2.944,8.518
5.363,8.380,13.742
0.830,2.887,3.717
3.713,6.198,9.910
0.084,0.719,0.803
0.847,7.727,8.573
1.523,6.878,8.401
0.163,3.850,4.013
0.040,2.647,2.687
1.283,7.870,9.153
0.265,6.617,6.882
4.584,2.485,7.069
0.271,7.864,8.135
2.219,8.114,10.332
2.583,4.860,7.443
4.162,9.440,13.601
0.266,9.036,9.302
5.227,4.281,9.508
0.388,1.679,2.067
5.230,0.751,5.981
0.491,1.216,1.707
1.265,7.870,9.134
2.945,4.394,7.340
3.523,0.425,3.948
0.361,8.724,9.085
1.587,1.565,3.152
8.718,6.147,14.865
2.987,9.507,12.494
2.993,5.073,8.067
0.093,0.180,0.273
3.273,9.980,13.253
7.084,1.267,8.350
2.304,8.670,10.974
1.717,2.843,4.560
0.661,7.747,8.408
1.896,6.858,8.754
2.822,7.168,9.991
11.427,1.608,13.035
3.534,8.217,11.751
4.139,9.110,13.249
0.015,8.913,8.928
0.597,1.928,2.525
4.410,6.109,10.519
0.105,8.639,8.745
0.299,6.451,6.750
1.350,7.979,9.329
4.824,4.194,9.018
2.042,1.215,3.258
0.036,7.454,7.490
0.351,3.278,3.628
1.951,8.444,10.396
10.810,9.439,20.249
0.317,5.677,5.994
2.133,9.785,11.918
0.099,5.986,6.085
5.018,2.154,7.172
1.729,8.770,10.499
0.713,9.810,10.522
2.808,0.456,3.263
2.319,4.254,6.573
1.123,9.499,10.622
4.076,3.207,7.283
0.295,2.825,3.120
1.463,2.790,4.253
4.234,9.879,14.113
1.160,6.662,7.823
1.224,3.886,5.110
0.528,3.379,3.908
1.912,1.403,3.315
3.752,2.162,5.915
0.391,7.077,7.468
6.321,0.348,6.670
3.248,9.516,12.764
9.507,8.508,18.015
0.446,2.181,2.627
1.365,5.981,7.346
3.453,4.448,7.901
0.520,7.635,8.155
0.666,7.393,8.059
2.367,9.741,12.107
6.289,6.132,12.421
1.811,7.873,9.684
0.314,2.720,3.035
2.384,5.848,8.232
8.587,2.169,10.756
0.660,2.158,2.818
0.977,8.641,9.617
3.006,0.812,3.818
2.510,8.747,11.257
2.230,2.631,4.861
7.906,4.485,12.391
1.113,7.336,8.450
1.869,5.331,7.200
2.716,0.385,3.101
13.227,9.740,22.967
4.506,6.408,10.914
2.975,4.212,7.187
3.343,5.835,9.177
2.045,8.871,10.916
1.204,7.984,9.187
3.522,2.787,6.310
0.968,7.900,8.868
0.135,7.784,7.918
6.547,4.873,11.420
0.464,8.419,8.882
2.193,0.610,2.803
3.633,5.178,8.811
0.292,1.905,2.197
0.122,8.126,8.248
0.028,4.882,4.910
2.263,2.122,4.384
1.307,2.295,3.602
0.647,5.018,5.666
0.019,4.603,4.622
11.305,3.935,15.240
3.789,7.909,11.698
16.136,5.048,21.184
1.117,2.851,3.969
0.319,9.152,9.470
0.794,3.844,4.639
4.104,4.143,8.247
0.944,1.100,2.045
11.175,0.676,11.852
8.483,4.538,13.020
0.367,5.897,6.264
1.867,7.499,9.366
2.914,9.139,12.053
5.945,8.600,14.545
10.207,2.052,12.259
0.106,4.711,4.817
8.205,9.693,17.898
7.607,7.895,15.502
0.712,6.893,7.605
3.867,6.273,10.140
3.178,5.605,8.783
0.784,1.059,1.843
5.386,6.396,11.781
2.576,6.878,9.454
0.908,4.811,5.719
2.328,8.246,10.574
3.586,1.667,5.253
0.742,8.958,9.700
1.383,1.072,2.454
7.867,6.290,14.157
6.235,6.159,12.394
1.685,7.645,9.330
4.931,8.953,13.884
1.817,7.227,9.044
0.378,7.179,7.558
0.405,4.827,5.232
8.570,6.598,15.167
1.829,1.473,3.302
2.132,6.749,8.880
0.277,8.848,9.125
1.944,2.537,4.480
2.608,1.926,4.534
0.171,0.571,0.742
7.156,8.063,15.219
2.328,9.588,11.916
0.845,3.506,4.351
1.515,1.371,2.886
4.319,8.527,12.846
4.846,3.635,8.482
1.242,2.342,3.584
6.964,7.776,14.740
1.773,3.708,5.481
1.272,7.672,8.944
1.153,7.145,8.297
1.118,1.928,3.046
5.547,8.988,14.535
2.957,3.598,6.556
0.782,9.696,10.478
8.743,6.435,15.178
4.864,8.262,13.126
3.088,0.587,3.676
0.261,3.793,4.054
0.751,1.596,2.347
0.387,4.547,4.934
0.924,3.707,4.631
7.541,2.678,10.219
1.527,8.163,9.690
4.541,6.146,10.687
4.815,0.711,5.526
5.774,6.002,11.776
5.111,2.094,7.205
13.604,4.276,17.880
2.646,7.989,10.635
1.462,8.485,9.947
0.655,9.326,9.981
0.152,7.325,7.477
4.349,1.577,5.926
0.729,3.583,4.312
4.558,5.991,10.549
0.061,4.012,4.073
5.890,5.241,11.131
2.544,1.845,4.389
3.962,8.429,12.392
0.125,6.498,6.623
3.911,2.454,6.365
11.982,3.514,15.496
6.057,9.614,15.671
0.475,8.466,8.941
3.107,4.496,7.604
1.315,6.353,7.669
5.362,3.246,8.608
0.121,6.225,6.345
0.016,8.558,8.574
2.006,4.878,6.883
3.210,6.848,10.058
4.791,2.823,7.614
3.164,4.040,7.204
0.649,2.331,2.980
2.610,3.208,5.818
3.124,0.130,3.254
2.086,7.117,9.203
1.275,9.270,10.545
7.340,5.889,13.229
0.402,9.485,9.887
0.077,6.849,6.926
0.726,7.799,8.525
4.308,7.901,12.209
1.149,2.872,4.021
2.987,3.692,6.679
3.436,8.235,11.671
0.074,1.735,1.809
1.226,0.808,2.034
2.307,7.935,10.242
0.204,7.663,7.867
1.720,8.801,10.520
2.447,3.670,6.117
2.352,0.142,2.494
1.429,1.219,2.649
0.908,4.109,5.017
0.068,7.369,7.437
0.541,3.222,3.764
0.785,2.744,3.528
0.365,1.428,1.793
4.957,9.081,14.038
2.666,4.826,7.492
0.365,9.074,9.439
0.141,7.350,7.491
5.157,4.056,9.213
2.828,8.117,10.945
2.578,7.413,9.991
3.144,8.327,11.471
4.122,1.882,6.004
3.934,4.662,8.596
1.283,0.924,2.208
0.016,2.174,2.190
3.282,6.357,9.639
3.862,6.498,10.360
9.693,3.233,12.926
0.103,7.027,7.130
5.928,0.628,6.557
2.236,6.360,8.596
4.730,6.573,11.303
1.873,8.142,10.014
5.262,6.954,12.216
2.309,0.354,2.663
3.332,0.585,3.917
4.836,9.466,14.302
0.029,8.408,8.437
0.248,9.672,9.921
1.089,5.077,6.166
6.708,2.186,8.894
0.839,7.354,8.193
0.011,2.486,2.496
3.837,4.244,8.081
4.284,6.264,10.548
1.428,0.362,1.789
2.167,2.611,4.778
4.896,9.346,14.242
1.909,5.105,7.014
4.183,0.956,5.139
1.565,2.546,4.111
6.197,6.535,12.731
3.573,5.969,9.542
0.172,2.251,2.423
2.236,1.699,3.936
0.123,3.444,3.567
3.652,8.981,12.633
7.913,3.073,10.986
0.607,4.550,5.157
3.932,9.143,13.075
4.194,5.833,10.027
1.427,8.573,10.000
2.096,0.230,2.326
1.248,5.374,6.622
4.717,2.317,7.034
4.770,7.725,12.495
0.979,6.567,7.546
4.637,5.778,10.415
4.814,5.509,10.323
1.690,5.556,7.246
0.813,2.270,3.083
1.438,2.811,4.249
0.679,4.906,5.585
1.363,2.764,4.126
15.593,0.590,16.182
0.513,0.932,1.445
3.366,7.896,11.262
11.725,7.441,19.166
2.295,0.470,2.766
1.132,4.635,5.767
0.292,4.182,4.474
3.969,8.709,12.677
4.684,1.252,5.936
0.710,9.446,10.156
0.912,4.981,5.893
0.984,9.887,10.870
1.387,8.690,10.077
2.750,8.216,10.966
0.460,7.179,7.638
1.782,7.712,9.494
1.064,1.204,2.267
3.563,9.978,13.541
1.853,6.456,8.309
0.238,7.930,8.168
5.294,9.442,14.736
0.663,2.873,3.536
1.853,0.003,1.856
2.050,6.682,8.731
0.507,9.669,10.176
1.112,4.816,5.928
2.590,7.159,9.749
6.981,8.346,15.327
1.369,0.622,1.990
1.782,5.005,6.788
0.364,8.523,8.887
2.800,9.702,12.502
0.236,8.205,8.442
4.747,5.510,10.257
2.332,9.718,12.051
0.410,5.272,5.682
7.401,8.225,15.626
10.909,6.842,17.751
5.382,7.341,12.723
5.726,6.187,11.913
2.703,0.992,3.695
5.455,0.038,5.493
0.243,8.012,8.255
13.017,2.194,15.210
19.159,9.661,28.820
1.680,4.326,6.006
7.353,9.308,16.661
1.456,3.489,4.945
3.886,8.566,12.452
1.241,8.429,9.670
8.005,1.053,9.058
5.782,5.241,11.023
3.009,2.676,5.686
0.321,8.280,8.600
1.220,1.426,2.645
2.533,3.974,6.507
1.208,2.611,3.819
0.770,0.392,1.163
5.513,8.605,14.118
1.919,8.207,10.127
4.534,4.439,8.973
2.050,1.139,3.189
3.929,8.331,12.260
0.672,1.778,2.450
6.522,5.613,12.135
2.842,5.390,8.231
2.320,6.801,9.121
1.845,6.899,8.744
0.298,3.856,4.154
2.782,6.391,9.173
0.873,0.002,0.874
4.489,9.071,13.560
3.832,3.416,7.248
1.860,8.689,10.549
4.777,2.883,7.659
2.171,5.797,7.968
0.057,5.954,6.011
3.411,5.514,8.925
7.843,0.989,8.831
0.581,5.495,6.076
0.518,7.872,8.389
0.549,1.638,2.187
2.668,5.391,8.059
0.108,6.580,6.688
0.402,9.026,9.428
5.834,3.204,9.039
9.653,5.419,15.072
1.653,5.013,6.666
0.463,6.266,6.729
4.150,0.561,4.711
0.818,5.191,6.009
4.728,4.404,9.132
0.029,8.181,8.210
1.724,3.051,4.775
3.062,8.265,11.328
1.404,8.799,10.203
1.552,8.908,10.460
4.006,6.035,10.041
1.901,4.883,6.784
0.081,0.742,0.823
15.649,6.513,22.162
0.924,5.815,6.738
0.799,6.040,6.839
0.050,2.145,2.195
0.665,5.752,6.417
0.731,1.591,2.322
0.253,9.597,9.850
0.089,5.555,5.643
1.902,2.611,4.513
1.692,9.542,11.234
1.499,3.043,4.542
0.299,7.742,8.042
9.689,2.024,11.713
1.724,2.768,4.492
9.838,8.649,18.488
2.293,9.314,11.607
2.544,8.997,11.541
6.303,6.841,13.143
0.020,6.222,6.242
1.597,1.687,3.284
2.629,8.474,11.103
0.352,6.964,7.316
1.381,8.233,9.614
1.470,4.248,5.718
9.059,3.470,12.529
0.027,2.562,2.589
0.655,7.607,8.262
1.161,7.062,8.223
3.363,9.316,12.679
14.685,6.882,21.567
1.581,1.594,3.175
5.068,8.577,13.645
5.316,4.806,10.122
2.181,3.041,5.222
0.391,0.320,0.712
0.619,1.448,2.067
1.066,8.918,9.984
1.318,4.740,6.058
1.096,3.029,4.124
2.650,7.973,10.623
7.296,1.237,8.533
5.103,6.224,11.326
1.452,9.815,11.267
0.810,9.944,10.754
2.580,5.001,7.580
5.791,9.454,15.245
4.444,6.854,11.298
1.840,8.892,10.732
3.449,4.437,7.886
1.035,8.617,9.652
7.147,4.375,11.522
3.623,2.157,5.780
1.022,1.604,2.626
3.728,9.133,12.860
7.316,3.791,11.107
0.820,8.042,8.862
2.802,3.725,6.527
0.946,9.559,10.505
0.004,9.774,9.777
9.019,0.591,9.611
4.100,0.323,4.423
0.041,9.443,9.485
0.167,3.057,3.224
7.941,0.151,8.092
10.991,7.176,18.166
2.190,0.230,2.420
0.921,0.020,0.941
0.758,1.080,1.838
0.638,2.882,3.520
0.708,8.706,9.414
2.865,9.208,12.072
0.250,8.335,8.585
1.879,5.933,7.812
6.841,1.843,8.684
0.242,7.090,7.332
11.042,1.888,12.930
3.663,7.256,10.919
2.078,7.981,10.059
5.107,3.204,8.311
1.888,9.593,11.481
2.621,5.296,7.917
1.022,9.415,10.438
0.280,8.250,8.530
5.851,4.047,9.898
0.450,3.790,4.240
4.237,4.302,8.539
0.080,9.770,9.850
2.575,7.256,9.830
1.129,4.618,5.747
8.587,9.292,17.879
0.118,5.983,6.101
0.257,3.718,3.975
2.859,6.020,8.878
1.242,6.557,7.799
0.974,9.553,10.527
3.927,3.611,7.538
1.248,8.474,9.722
0.529,8.220,8.749
1.872,8.853,10.725
1.854,4.940,6.794
2.223,5.045,7.268
0.950,1.045,1.995
7.301,1.138,8.439
0.769,7.955,8.724
3.091,3.523,6.614
1.278,5.890,7.167
7.167,9.602,16.769
1.605,3.137,4.742
7.685,8.396,16.080
1.177,7.865,9.042
1.632,3.938,5.570
0.740,3.441,4.182
3.221,8.435,11.656
1.225,3.440,4.665
5.795,0.662,6.457
7.072,4.430,11.502
1.062,1.978,3.039
0.726,9.227,9.953
4.870,3.613,8.483
0.711,7.272,7.983
1.945,4.464,6.409
9.178,9.172,18.349
0.860,9.557,10.418
3.353,0.041,3.395
0.099,4.648,4.747
1.129,5.994,7.123
9.951,1.881,11.832
1.591,6.157,7.748
3.211,4.131,7.342
0.060,8.774,8.833
1.534,5.331,6.865
2.150,2.024,4.175
0.554,9.341,9.895
3.378,5.514,8.892
1.154,2.805,3.959
5.794,5.760,11.553
2.382,7.959,10.341
1.627,3.085,4.712
3.395,9.456,12.851
2.694,4.088,6.782
9.656,5.158,14.814
1.817,2.069,3.886
5.521,2.034,7.555
1.898,7.934,9.831
2.004,6.126,8.130
4.125,2.217,6.342
1.137,8.565,9.702
9.619,7.646,17.265
6.123,9.608,15.731
0.932,0.855,1.787
3.045,4.354,7.399
12.650,8.154,20.804
4.714,5.360,10.073
7.836,8.196,16.032
0.240,4.883,5.123
2.024,9.302,11.326
2.991,5.279,8.270
3.405,4.346,7.751
1.883,3.210,5.093
2.051,5.137,7.188
0.586,1.333,1.918
3.051,6.599,9.650
1.531,1.729,3.260
2.308,2.353,4.661
2.346,2.719,5.064
1.392,5.911,7.303
3.654,5.980,9.634
3.712,0.429,4.141
6.542,9.769,16.312
0.233,3.673,3.907
0.431,5.062,5.493
1.794,1.912,3.706
0.996,5.704,6.699
0.541,6.585,7.127
1.250,8.631,9.880
2.969,9.594,12.563
0.783,3.582,4.366
2.521,2.150,4.670
7.284,8.139,15.423
0.615,4.829,5.444
0.147,0.879,1.026
1.124,9.130,10.255
3.891,2.626,6.517
7.080,9.081,16.161
1.189,2.687,3.876
5.649,9.857,15.506
4.214,6.236,10.450
2.453,5.454,7.908
1.780,7.729,9.509
2.445,1.435,3.879
3.704,2.832,6.536
3.511,0.032,3.544
1.480,4.556,6.036
9.335,9.251,18.586
0.369,1.750,2.119
7.898,2.968,10.866
4.198,7.160,11.357
7.767,5.970,13.737
0.436,1.021,1.457
0.339,4.226,4.565
2.095,0.502,2.597
3.255,8.425,11.679
0.102,9.137,9.240
1.322,2.050,3.371
1.279,6.820,8.099
0.187,8.804,8.991
1.626,9.598,11.224
0.697,5.533,6.230
0.779,2.136,2.915
2.978,7.606,10.583
1.670,3.758,5.428
4.500,7.697,12.197
2.827,2.758,5.585
8.902,3.598,12.499
1.044,0.705,1.749
1.033,2.911,3.944
2.360,0.972,3.332
3.594,7.914,11.508
3.199,2.318,5.517
0.895,1.644,2.539
1.380,9.930,11.310
5.717,7.412,13.130
0.491,0.689,1.180
1.635,4.548,6.183
0.450,6.025,6.475
1.590,3.032,4.621
4.616,2.074,6.690
1.945,2.514,4.459
1.296,3.983,5.279
4.518,3.911,8.429
2.242,4.255,6.497
9.117,9.203,18.320
4.062,2.182,6.244
1.327,0.910,2.237
1.162,0.694,1.856
3.351,1.624,4.975
1.117,1.652,2.769
1.250,1.695,2.945
1.336,8.333,9.669
1.176,0.844,2.020
8.413,0.071,8.483
3.160,4.863,8.023
0.933,7.263,8.197
3.253,2.770,6.022
0.079,5.457,5.536
3.225,8.225,11.450
2.554,4.794,7.349
0.517,3.293,3.810
1.169,7.530,8.699
0.305,0.051,0.355
1.629,5.698,7.328
4.000,0.191,4.192
0.183,1.791,1.974
3.804,9.201,13.005
0.173,7.323,7.496
1.611,0.563,2.173
2.976,4.830,7.806
3.729,5.306,9.035
6.613,1.202,7.816
10.936,9.830,20.765
1.616,9.816,11.431
0.769,9.358,10.127
5.865,8.539,14.405
0.648,2.702,3.350
0.089,8.557,8.646
1.900,6.239,8.139
0.022,0.785,0.807
1.053,7.563,8.616
5.135,2.201,7.336
2.916,1.713,4.629
1.308,3.897,5.205
6.576,6.617,13.194
0.903,6.058,6.961
0.699,2.539,3.237
0.859,8.538,9.398
3.887,0.607,4.494
3.005,1.546,4.551
6.052,8.845,14.896
4.377,4.731,9.107
2.765,0.623,3.388
0.737,3.195,3.931
0.144,8.245,8.389
4.199,0.691,4.890
2.461,6.969,9.430
3.190,4.979,8.169
6.442,1.056,7.498
4.003,2.966,6.969
3.314,2.999,6.313
4.073,2.340,6.413
1.369,4.582,5.950
0.638,7.667,8.305
0.766,6.829,7.595
2.171,1.299,3.470
5.475,2.001,7.476
3.087,5.206,8.293
2.535,6.870,9.405
1.938,9.758,11.695
1.307,8.052,9.359
1.090,7.572,8.662
2.266,6.269,8.535
5.466,4.529,9.995
2.098,1.307,3.406
1.587,8.353,9.941
0.021,3.750,3.771
1.683,9.944,11.627
2.576,5.065,7.641
5.129,5.987,11.116
0.329,4.677,5.007
7.219,8.119,15.339
4.584,2.915,7.499
1.915,1.876,3.791
0.093,2.667,2.760
4.407,0.470,4.877
0.144,7.043,7.187
2.708,4.364,7.072
1.696,9.963,11.659
4.272,0.081,4.353
1.511,8.590,10.101
3.351,1.144,4.495
20.670,0.932,21.601
8.786,2.180,10.965
1.994,6.742,8.736
3.717,0.675,4.392
2.988,2.525,5.514
10.914,6.092,17.006
12.470,0.414,12.885
6.744,7.609,14.354
2.980,6.077,9.058
1.828,7.599,9.427
2.848,0.242,3.090
1.169,4.584,5.754
2.598,9.533,12.131
3.501,9.786,13.288
2.239,4.411,6.650
0.513,2.024,2.537
3.695,0.145,3.840
2.758,0.668,3.425
1.882,7.608,9.490
6.245,1.105,7.351
0.712,2.967,3.678
0.838,0.662,1.500
0.014,9.540,9.554
3.059,2.584,5.643
0.644,2.177,2.821
8.077,1.483,9.560
1.714,1.440,3.154
1.049,2.153,3.203
5.274,9.237,14.512
1.949,7.381,9.330
6.432,2.112,8.544
4.378,6.123,10.502
5.250,5.378,10.629
4.796,9.015,13.811
6.968,8.909,15.876
1.764,4.256,6.020
1.920,3.257,5.176
1.105,5.785,6.890
0.508,0.332,0.840
5.839,2.624,8.462
3.992,4.123,8.115
6.365,9.047,15.412
0.971,6.493,7.464
1.606,3.695,5.302
3.161,4.909,8.070
0.117,4.349,4.466
0.211,4.509,4.720
14.743,8.631,23.374
0.066,5.395,5.461
1.480,4.886,6.367
0.928,5.140,6.068
0.528,2.771,3.299
11.247,0.774,12.022
13.563,5.258,18.822
5.140,5.645,10.784
0.431,9.214,9.644
4.102,4.376,8.478
2.118,6.240,8.358
2.081,8.973,11.055
4.838,9.078,13.916
1.677,8.317,9.994
6.422,2.785,9.207
0.515,7.453,7.968
2.714,2.647,5.361
2.107,5.593,7.700
2.985,2.466,5.451
3.315,4.653,7.968
2.388,1.407,3.795
1.804,4.389,6.192
0.206,6.443,6.650
4.046,2.659,6.705
0.305,6.997,7.302
2.329,1.109,3.438
1.929,5.350,7.279
0.316,9.476,9.792
3.402,5.664,9.066
0.656,3.937,4.593
1.803,6.988,8.790
4.786,6.776,11.562
4.046,0.727,4.774
1.073,2.469,3.542
0.114,7.858,7.972
6.267,0.997,7.264
4.163,9.706,13.870
12.549,7.770,20.319
1.154,3.622,4.776
0.190,6.557,6.747
0.308,3.593,3.901
0.069,5.347,5.416
6.084,9.301,15.385
8.118,1.074,9.192
1.213,6.686,7.899
1.910,9.401,11.311
0.367,8.878,9.245
8.228,4.286,12.514
1.219,4.076,5.295
2.966,8.210,11.177
0.115,7.547,7.662
0.535,0.087,0.622
0.758,3.238,3.996
2.175,2.144,4.319
0.914,2.557,3.471
10.418,5.179,15.598
2.622,8.706,11.328
1.568,9.327,10.895
4.225,8.428,12.653
1.032,8.125,9.157
18.160,0.319,18.480
3.871,5.015,8.886
1.089,2.016,3.105
1.118,2.157,3.274
4.146,5.169,9.315
3.796,8.626,12.422
1.799,3.451,5.251
3.628,1.369,4.997
0.796,3.683,4.479
5.144,7.388,12.532
0.300,1.285,1.585
0.543,9.103,9.647
0.948,8.036,8.984
1.204,0.478,1.682
4.756,2.993,7.749
1.567,5.895,7.462
0.106,3.545,3.650
6.104,7.943,14.047
0.238,2.338,2.576
3.199,9.021,12.219
2.017,4.663,6.680
1.808,4.750,6.558
6.023,0.839,6.862
2.422,0.047,2.469
7.851,3.829,11.681
4.710,8.424,13.134
0.611,9.415,10.026
1.651,2.051,3.701
8.768,6.912,15.680
4.373,9.767,14.140
9.593,5.481,15.074
0.056,8.561,8.618
7.492,3.674,11.166
3.172,2.863,6.034
5.371,7.332,12.702
3.860,7.670,11.530
3.288,7.718,11.006
13.337,5.138,18.475
0.355,7.436,7.791
0.827,8.990,9.817
1.376,7.934,9.310
4.445,8.523,12.969
2.090,0.144,2.234
0.766,0.482,1.248
4.100,8.191,12.291
0.145,3.319,3.464
3.969,0.352,4.321
0.322,0.998,1.320
3.175,7.189,10.364
2.397,5.194,7.591
8.231,4.508,12.739
2.272,9.666,11.938
14.046,2.470,16.517
4.589,3.988,8.577
7.850,8.916,16.766
1.839,6.360,8.199
5.397,8.481,13.878
10.551,8.305,18.855
1.086,7.291,8.377
1.961,6.102,8.064
7.090,4.239,11.329
1.707,0.675,2.382
4.671,9.023,13.694
6.483,0.450,6.933
3.981,5.983,9.964
0.329,1.550,1.880
2.237,6.124,8.362
0.566,8.805,9.372
3.744,9.438,13.183
4.796,1.445,6.241
3.445,7.925,11.370
4.030,7.957,11.987
1.975,9.132,11.107
1.852,7.154,9.006
0.578,4.896,5.473
2.577,7.740,10.317
1.997,7.120,9.117
1.047,6.111,7.158
4.160,0.491,4.651
2.354,7.727,10.082
2.070,7.358,9.428
0.827,0.850,1.677
0.510,8.670,9.180
2.647,2.003,4.650
5.407,6.219,11.626
4.769,6.555,11.324
0.221,5.273,5.495
3.634,4.863,8.497
0.791,4.593,5.384
7.136,5.036,12.173
0.875,8.801,9.676
5.712,9.597,15.309
3.325,8.317,11.642
1.107,8.968,10.075
5.433,4.550,9.983
3.546,4.288,7.834
7.310,0.066,7.376
0.373,7.896,8.269
2.668,0.721,3.389
6.508,1.597,8.105
2.107,6.018,8.125
16.761,1.007,17.768
4.566,5.715,10.281
1.192,3.981,5.172
10.808,4.489,15.297
1.606,4.879,6.485
3.106,5.303,8.409
2.377,3.369,5.746
5.643,0.192,5.835
0.410,0.493,0.903
4.385,5.119,9.504
0.042,6.469,6.511
1.294,5.890,7.184
9.828,4.322,14.150
10.692,7.743,18.435
1.785,5.760,7.544
6.719,8.429,15.148
1.022,1.873,2.895
2.527,9.229,11.756
4.628,6.961,11.589
7.039,4.624,11.663
3.221,1.755,4.976
0.710,6.563,7.273
3.045,0.180,3.224
6.564,8.926,15.490
0.124,7.415,7.539
0.686,5.413,6.099
1.901,0.478,2.379
3.269,7.591,10.860
5.338,0.941,6.279
1.386,0.673,2.059
4.476,1.814,6.290
1.109,3.719,4.828
0.236,6.710,6.946
4.208,9.817,14.025
0.893,5.440,6.333
25.135,0.726,25.860
1.714,3.193,4.908
2.413,2.627,5.041
2.909,6.287,9.197
4.713,1.872,6.585
8.014,8.544,16.558
0.920,5.186,6.106
1.436,2.137,3.573
0.079,3.057,3.136
0.585,2.306,2.892
0.808,8.186,8.994
1.408,4.403,5.811
0.045,4.390,4.435
3.886,7.392,11.278
6.754,0.640,7.394
1.695,8.874,10.569
1.218,1.817,3.035
0.631,0.584,1.215
0.968,8.137,9.105
3.379,8.520,11.898
7.132,4.957,12.089
5.375,8.151,13.526
7.067,9.937,17.005
1.747,4.202,5.949
0.285,6.078,6.363
0.856,5.760,6.616
11.684,9.013,20.698
3.886,9.249,13.135
3.432,8.485,11.917
4.517,2.548,7.065
4.105,6.051,10.156
2.484,8.049,10.533
4.522,6.817,11.339
0.058,5.457,5.515
11.074,6.686,17.759
0.831,6.624,7.455
0.491,5.968,6.458
1.596,6.327,7.923
1.194,0.030,1.224
12.556,2.964,15.520
0.977,1.571,2.548
3.422,1.556,4.978
0.368,5.685,6.054
5.118,9.864,14.982
3.878,3.955,7.833
8.789,8.432,17.221
3.246,8.252,11.498
1.678,6.761,8.439
1.492,1.183,2.675
2.076,7.106,9.181
0.299,3.953,4.252
12.090,3.897,15.987
2.791,2.750,5.541
12.269,0.296,12.565
3.993,4.968,8.961
1.827,1.456,3.282
1.294,2.371,3.665
0.429,3.702,4.131
1.581,2.519,4.100
2.089,1.186,3.275
0.067,6.600,6.667
5.186,1.783,6.969
0.737,4.484,5.221
2.169,2.380,4.549
0.104,3.768,3.872
2.362,6.415,8.777
6.126,0.016,6.142
1.063,2.446,3.510
3.771,9.778,13.549
4.606,8.917,13.524
0.605,4.775,5.380
1.099,8.724,9.824
5.416,6.887,12.303
2.238,9.618,11.855
1.560,8.695,10.255
2.694,6.149,8.843
2.178,5.102,7.280
3.020,3.753,6.773
0.509,5.408,5.916
2.608,7.174,9.782
7.639,1.729,9.368
1.016,7.398,8.414
3.744,9.377,13.120
5.886,1.849,7.736
2.523,6.177,8.699
4.929,0.338,5.266
1.864,7.497,9.362
2.091,9.957,12.047
0.923,1.475,2.398
0.812,6.213,7.024
1.709,9.294,11.002
3.653,2.634,6.287
5.366,7.389,12.754
8.975,4.692,13.667
3.167,2.263,5.430
3.869,2.640,6.508
2.273,7.113,9.386
7.421,6.987,14.408
3.122,5.662,8.785
0.152,8.402,8.554
1.576,6.774,8.351
6.085,3.061,9.146
1.817,7.282,9.099
3.840,1.182,5.022
3.028,1.016,4.044
6.958,0.991,7.949
10.396,3.217,13.613
3.313,1.302,4.616
1.048,1.735,2.783
2.418,9.739,12.157
4.445,6.887,11.332
4.906,5.315,10.221
3.417,2.355,5.773
2.597,9.193,11.789
0.178,9.248,9.426
3.134,1.947,5.081
5.058,5.595,10.653
0.255,5.787,6.042
0.723,5.828,6.551
6.869,1.388,8.257
1.456,2.635,4.091
0.434,0.858,1.292
2.134,5.676,7.810
12.242,6.410,18.651
8.549,2.366,10.915
5.270,7.142,12.412
3.407,3.102,6.508
0.179,4.919,5.098
0.850,6.950,7.800
4.248,5.830,10.078
3.155,2.139,5.294
4.344,7.758,12.102
0.586,7.023,7.609
0.373,8.241,8.614
0.149,9.535,9.684
3.821,6.275,10.096
2.367,1.582,3.949
0.487,1.261,1.748
4.121,7.024,11.146
0.244,9.220,9.464
0.966,8.490,9.456
4.728,9.780,14.508
3.613,9.668,13.281
1.483,5.594,7.077
0.315,1.044,1.359
2.097,3.348,5.446
2.066,7.044,9.111
1.779,3.826,5.605
0.918,0.139,1.056
5.404,2.668,8.071
4.720,8.064,12.783
0.464,6.150,6.614
2.314,8.332,10.645
4.136,1.385,5.521
1.535,9.020,10.555
1.830,4.685,6.515
0.001,0.109,0.110
7.118,2.762,9.880
2.535,1.064,3.599
1.140,6.768,7.908
4.046,2.434,6.480
1.524,4.497,6.020
2.293,8.756,11.049
6.057,9.219,15.276
3.072,9.174,12.247
0.163,9.837,9.999
6.781,5.275,12.056
2.578,6.100,8.678
0.647,0.956,1.603
0.039,9.376,9.415
6.818,1.101,7.919
0.086,0.489,0.575
3.123,3.857,6.980
2.683,3.286,5.969
0.074,6.240,6.313
0.352,5.521,5.873
4.303,2.802,7.106
2.526,2.274,4.800
5.910,8.787,14.698
1.335,7.292,8.627
0.397,6.337,6.734
0.619,8.565,9.183
2.662,3.024,5.686
1.708,4.549,6.257
0.743,2.733,3.476
6.549,0.924,7.473
0.512,8.048,8.560
3.555,0.835,4.389
2.173,6.788,8.961
0.681,1.301,1.982
0.223,5.929,6.152
0.242,5.696,5.938
8.271,9.907,18.178
0.543,6.311,6.855
1.505,8.685,10.189
5.429,1.018,6.447
15.452,1.942,17.395
1.256,5.252,6.508
4.857,2.229,7.087
2.311,9.150,11.462
1.657,6.027,7.684
0.890,6.534,7.424
0.876,2.808,3.685
4.028,0.538,4.565
10.938,7.434,18.372
2.370,6.662,9.032
1.917,7.575,9.492
0.577,5.546,6.123
1.830,8.479,10.309
1.903,4.576,6.479
5.141,2.310,7.452
1.542,6.518,8.060
13.214,3.629,16.843
6.130,0.223,6.354
2.314,7.186,9.500
0.750,9.370,10.120
1.310,6.016,7.326
0.536,7.376,7.912
0.638,7.994,8.632
0.066,6.134,6.200
3.441,5.985,9.425
11.619,8.618,20.237
1.850,2.538,4.388
7.246,0.634,7.881
4.906,3.511,8.416
1.689,6.222,7.910
0.885,7.796,8.681
4.642,9.851,14.493
0.322,1.401,1.724
4.057,3.372,7.429
0.791,0.431,1.222
2.618,4.956,7.574
3.184,1.032,4.216
1.742,9.568,11.309
4.577,2.255,6.832
3.436,1.017,4.454
0.214,2.973,3.186
1.044,0.174,1.217
0.268,0.488,0.756
2.915,3.982,6.897
0.355,8.374,8.729
0.054,9.663,9.717
1.643,7.591,9.234
7.988,8.083,16.071
2.186,4.061,6.247
0.540,0.352,0.892
2.380,3.116,5.496
1.702,8.309,10.012
3.692,3.084,6.775
1.247,2.588,3.834
2.855,1.198,4.053
2.470,9.488,11.958
3.466,5.430,8.896
0.864,0.623,1.487
5.178,3.123,8.301
1.135,7.995,9.130
0.207,2.123,2.329
2.015,1.480,3.496
0.261,1.930,2.191
0.756,2.340,3.097
2.570,9.282,11.852
10.825,6.247,17.072
7.096,2.584,9.680
0.035,2.913,2.947
0.442,7.013,7.455
4.765,1.071,5.836
0.082,0.809,0.890
15.528,8.260,23.787
2.098,9.224,11.322
3.012,6.898,9.910
1.062,8.764,9.825
0.492,0.201,0.693
1.237,4.079,5.316
0.529,7.954,8.484
2.257,7.150,9.407
0.204,1.203,1.407
1.892,9.931,11.824
9.243,9.346,18.589
8.181,3.931,12.112
1.643,8.659,10.303
2.686,7.575,10.261
2.373,3.109,5.482
0.714,1.066,1.779
2.504,5.351,7.855
0.727,8.239,8.966
4.593,9.829,14.422
5.567,9.936,15.502
1.888,2.277,4.165
8.969,8.550,17.519
15.129,5.471,20.600
1.594,2.058,3.651
0.344,9.729,10.073
4.358,8.032,12.390
1.792,0.018,1.810
0.215,7.142,7.357
1.036,3.049,4.085
1.256,1.971,3.227
0.708,0.382,1.091
0.166,2.133,2.299
0.797,7.522,8.319
11.347,4.889,16.236
2.582,1.839,4.421
0.319,5.841,6.161
0.605,3.990,4.595
3.817,4.961,8.778
0.937,8.417,9.353
1.763,8.031,9.794
4.931,1.621,6.552
8.561,5.798,14.359
1.497,9.980,11.477
2.179,0.866,3.045
0.804,6.842,7.646
2.164,5.606,7.770
1.456,4.504,5.961
3.710,6.870,10.580
0.238,4.652,4.891
4.515,6.982,11.497
6.461,6.653,13.114
0.255,4.169,4.424
2.705,1.279,3.984
2.492,7.577,10.069
0.053,5.005,5.058
4.629,9.793,14.422
0.855,3.601,4.456
3.977,4.529,8.506
7.559,4.486,12.045
0.145,3.706,3.851
9.091,8.133,17.223
0.438,8.594,9.032
1.348,9.015,10.362
0.049,4.891,4.940
2.375,7.358,9.733
4.831,4.300,9.131
2.025,8.497,10.522
15.558,1.163,16.721
2.260,9.689,11.949
0.784,1.919,2.703
4.891,5.190,10.081
2.600,4.251,6.851
0.657,1.205,1.862
3.187,9.794,12.981
0.532,2.799,3.331
0.172,8.624,8.796
4.181,5.359,9.540
0.758,6.976,7.734
20.048,5.551,25.599
0.615,5.188,5.803
0.224,0.155,0.379
9.419,9.332,18.751
1.257,8.784,10.041
4.248,9.567,13.815
9.627,5.262,14.889
2.558,4.812,7.371
5.579,6.955,12.535
0.414,2.952,3.366
5.258,2.736,7.994
1.456,6.202,7.658
6.531,3.038,9.569
6.661,9.027,15.688
2.068,1.064,3.132
13.178,9.109,22.288
4.576,1.137,5.713
4.951,8.663,13.615
4.024,6.189,10.213
0.971,5.297,6.268
2.226,2.246,4.472
1.235,5.402,6.638
3.178,6.403,9.581
2.985,8.077,11.062
1.664,6.687,8.351
0.065,7.353,7.418
1.927,9.860,11.787
1.713,0.012,1.725
0.580,4.191,4.771
4.147,2.711,6.858
2.195,0.784,2.979
7.344,1.552,8.896
4.229,6.987,11.216
6.114,8.289,14.402
1.935,7.959,9.894
7.479,7.300,14.779
1.238,1.279,2.517
1.151,1.563,2.714
3.294,1.190,4.483
0.206,3.726,3.932
2.736,2.721,5.457
0.546,8.389,8.935
1.216,0.253,1.469
1.068,8.251,9.319
3.689,2.305,5.993
3.262,6.779,10.040
6.530,7.754,14.284
1.145,8.097,9.241
3.127,6.641,9.767
0.552,7.725,8.278
0.411,4.138,4.548
2.636,4.497,7.133
0.026,7.306,7.331
12.441,7.408,19.849
2.877,3.560,6.436
2.275,1.481,3.755
1.700,7.785,9.484
1.040,2.767,3.807
7.217,2.650,9.867
1.656,8.541,10.197
0.780,3.810,4.589
0.548,5.225,5.773
3.740,2.211,5.951
5.193,5.807,10.999
0.049,7.043,7.092
1.192,0.516,1.708
2.395,6.148,8.543
0.641,9.769,10.411
2.121,7.649,9.770
2.801,5.331,8.131
2.425,9.838,12.263
3.468,1.321,4.789
0.282,9.683,9.965
7.424,2.855,10.279
0.490,3.316,3.806
0.330,5.040,5.370
0.083,6.159,6.243
2.794,9.201,11.995
0.920,8.773,9.693
4.334,7.308,11.642
2.814,2.684,5.498
0.521,5.613,6.134
0.356,1.445,1.801
0.335,3.113,3.448
1.955,9.123,11.078
1.321,1.060,2.381
5.148,2.380,7.528
2.538,2.877,5.415
2.783,5.071,7.853
2.273,6.792,9.065
0.011,7.660,7.672
0.887,0.205,1.092
4.432,7.641,12.074
3.405,3.618,7.023
0.641,1.314,1.955
3.913,2.802,6.715
3.584,2.688,6.273
1.132,1.235,2.367
0.308,2.886,3.194
4.495,5.502,9.997
3.698,6.526,10.224
7.313,9.067,16.380
1.243,4.372,5.615
0.721,6.246,6.967
1.081,6.137,7.218
1.046,6.164,7.210
3.695,5.387,9.082
5.596,9.127,14.724
9.473,6.075,15.548
0.829,7.126,7.955
0.984,7.897,8.881
0.989,9.124,10.113
2.749,3.326,6.075
4.990,5.050,10.040
7.080,5.003,12.083
5.570,4.408,9.978
5.158,1.722,6.880
1.859,9.264,11.123
4.369,9.932,14.301
5.359,8.944,14.303
1.221,1.165,2.386
2.924,0.945,3.869
6.653,2.360,9.014
0.314,2.338,2.652
0.007,5.660,5.668
0.875,6.730,7.605
6.772,9.533,16.305
1.351,5.675,7.026
3.245,7.817,11.062
3.541,5.705,9.246
3.000,4.471,7.470
1.781,1.996,3.777
1.962,9.879,11.842
7.397,8.196,15.593
9.562,1.001,10.563
2.611,1.332,3.943
3.201,8.529,11.731
0.263,2.325,2.588
6.143,9.361,15.504
1.683,8.887,10.570
7.399,3.534,10.933
1.749,7.558,9.307
0.139,0.125,0.264
2.060,3.728,5.787
0.695,1.542,2.237
1.084,1.090,2.174
7.617,6.340,13.956
1.087,0.874,1.960
1.892,9.432,11.324
1.542,9.066,10.608
0.004,2.017,2.020
3.078,1.742,4.820
0.045,4.228,4.273
2.462,2.823,5.285
0.510,8.876,9.386
1.062,5.382,6.443
0.997,7.206,8.204
1.296,2.335,3.631
4.419,9.969,14.387
0.686,4.181,4.867
8.189,9.185,17.374
1.424,5.167,6.591
4.985,8.531,13.516
11.103,9.133,20.236
8.680,2.065,10.745
0.413,6.929,7.343
2.000,0.563,2.563
0.267,0.243,0.510
3.728,7.872,11.601
0.503,5.550,6.052
0.416,9.522,9.938
2.281,7.470,9.751
1.468,3.327,4.795
0.604,3.680,4.284
3.188,3.248,6.437
2.132,2.660,4.791
1.751,4.706,6.457
0.353,9.715,10.067
3.529,1.662,5.190
2.370,6.734,9.104
5.220,4.048,9.268
2.099,9.339,11.438
2.497,2.365,4.862
10.974,4.087,15.060
6.372,2.478,8.851
3.349,3.100,6.449
2.116,7.404,9.520
8.128,7.157,15.285
0.100,1.256,1.356
0.396,3.530,3.926
2.027,9.242,11.269
0.367,0.415,0.782
3.796,2.748,6.544
0.787,7.372,8.159
3.998,8.381,12.379
2.996,5.723,8.719
0.351,2.305,2.656
0.253,3.830,4.083
1.163,5.096,6.260
0.259,3.789,4.049
1.213,8.875,10.088
0.443,1.420,1.862
3.365,8.442,11.807
2.345,7.430,9.774
2.627,6.144,8.771
2.970,5.445,8.415
5.668,8.802,14.470
1.221,5.923,7.144
0.613,0.834,1.448
1.208,6.074,7.282
5.971,9.438,15.409
1.937,3.847,5.784
0.909,1.638,2.548
2.047,0.016,2.063
2.572,2.051,4.622
3.433,0.594,4.027
4.931,3.603,8.534
0.912,7.083,7.994
0.322,2.058,2.380
0.917,2.044,2.961
1.494,3.296,4.790
0.554,8.641,9.195
4.644,4.219,8.863
2.503,9.338,11.841
0.473,8.251,8.724
9.639,5.121,14.760
0.637,9.545,10.182
0.238,4.048,4.285
3.504,3.430,6.934
2.266,3.238,5.504
8.379,9.580,17.959
6.703,7.311,14.014
7.399,1.332,8.731
1.410,3.257,4.667
5.723,2.387,8.110
3.286,6.675,9.961
1.363,4.348,5.711
0.250,4.908,5.158
0.529,8.148,8.677
11.688,3.855,15.543
8.080,2.214,10.294
8.807,1.637,10.444
1.281,1.324,2.605
1.581,8.559,10.140
2.214,4.017,6.231
1.166,4.487,5.653
15.332,7.461,22.793
13.299,9.177,22.476
0.049,4.910,4.958
7.100,1.422,8.522
2.232,7.616,9.848
3.604,1.367,4.971
1.114,1.048,2.163
1.989,7.185,9.174
1.623,9.413,11.036
1.841,3.622,5.463
10.510,6.068,16.578
3.781,1.904,5.685
4.325,5.712,10.036
0.211,3.293,3.504
3.947,7.618,11.564
2.477,5.879,8.356
0.549,3.312,3.861
4.744,3.457,8.201
7.918,6.364,14.283
0.480,1.648,2.128
1.254,0.674,1.928
2.557,4.839,7.396
3.580,1.543,5.123
2.626,3.566,6.192
2.996,0.454,3.450
5.336,5.753,11.089
2.464,3.977,6.441
3.458,7.840,11.298
0.388,2.447,2.835
5.132,2.741,7.873
3.305,7.172,10.477
0.245,3.789,4.034
1.478,3.635,5.114
1.074,8.257,9.330
2.883,7.012,9.894
3.342,0.837,4.179
3.763,9.568,13.331
7.124,1.054,8.178
1.908,2.194,4.102
6.778,5.012,11.789
10.849,0.954,11.804
5.805,7.248,13.053
1.381,2.244,3.626
0.279,3.407,3.686
1.998,6.734,8.732
2.214,7.166,9.379
1.293,6.466,7.759
0.323,7.140,7.463
5.463,5.184,10.647
5.986,5.158,11.144
1.994,7.754,9.749
0.449,4.533,4.983
5.971,5.544,11.514
1.642,9.020,10.662
0.484,9.875,10.359
4.633,3.020,7.653
1.056,4.005,5.061
5.635,2.601,8.236
0.619,4.809,5.428
0.299,2.170,2.468
1.180,9.189,10.369
2.226,1.607,3.833
0.161,5.604,5.765
0.108,8.635,8.743
2.543,2.602,5.145
0.246,4.568,4.814
2.545,5.901,8.446
1.048,3.986,5.033
0.106,2.573,2.679
1.647,1.184,2.830
0.737,0.541,1.278
0.403,5.328,5.731
3.285,2.880,6.165
6.751,5.074,11.825
6.950,9.192,16.142
2.849,8.403,11.251
2.313,4.819,7.131
0.018,3.571,3.589
4.076,6.218,10.295
0.449,4.277,4.726
3.301,2.840,6.140
10.004,5.735,15.739
2.781,9.258,12.039
0.138,3.874,4.012
2.194,1.970,4.165
1.532,5.966,7.498
1.999,0.723,2.722
1.928,1.064,2.993
3.479,9.552,13.031
1.109,2.524,3.633
0.278,5.418,5.696
0.106,5.567,5.673
1.918,5.077,6.996
0.267,0.707,0.974
6.731,6.208,12.939
3.875,0.710,4.585
0.124,6.824,6.949
10.901,1.831,12.732
7.910,2.591,10.501
3.443,7.169,10.612
0.131,7.510,7.641
3.838,4.530,8.368
3.631,0.527,4.157
0.265,4.900,5.165
0.051,8.601,8.652
3.898,6.183,10.081
1.973,0.277,2.251
0.729,1.480,2.209
1.010,7.541,8.551
1.874,3.364,5.238
2.110,5.428,7.538
1.112,6.929,8.041
2.809,3.715,6.524
1.637,1.939,3.576
2.391,6.545,8.936
11.074,4.882,15.956
0.560,5.737,6.297
0.027,3.315,3.342
2.899,3.555,6.454
2.179,8.146,10.325
5.305,0.641,5.946
2.050,6.069,8.119
1.056,9.848,10.904
1.998,8.832,10.830
1.772,4.877,6.649
4.220,6.757,10.977
7.788,5.590,13.378
1.893,7.169,9.062
0.765,9.577,10.343
17.413,7.742,25.155
4.800,9.537,14.337
2.108,2.617,4.725
2.336,4.407,6.743
1.549,6.545,8.094
0.777,7.076,7.854
0.511,4.380,4.891
1.039,4.128,5.167
0.967,0.290,1.258
2.589,2.635,5.224
0.841,4.117,4.958
1.343,7.534,8.878
1.166,4.533,5.699
8.230,6.734,14.964
0.346,8.387,8.733
3.043,2.421,5.464
3.390,9.896,13.286
0.301,1.903,2.204
0.387,4.853,5.240
5.003,7.231,12.235
0.300,3.659,3.959
16.503,5.108,21.611
1.080,0.401,1.481
2.665,2.101,4.766
0.172,3.056,3.228
3.324,5.501,8.825
3.243,7.141,10.385
5.779,1.616,7.395
1.660,1.888,3.548
3.867,5.749,9.616
12.360,0.163,12.523
3.127,4.420,7.547
5.195,9.734,14.929
2.332,8.387,10.720
0.240,6.237,6.477
0.746,8.235,8.981
4.716,9.881,14.597
2.051,2.951,5.002
1.284,5.798,7.082
1.504,3.583,5.087
4.701,7.512,12.213
4.179,1.264,5.443
2.413,5.944,8.357
3.775,7.154,10.929
0.880,2.195,3.075
3.597,3.403,7.000
3.379,3.874,7.253
0.677,6.971,7.648
1.134,9.379,10.513
0.540,9.116,9.657
0.703,1.984,2.686
4.119,7.102,11.220
4.333,9.210,13.544
0.852,4.869,5.721
1.136,9.582,10.718
4.475,3.840,8.315
5.192,2.307,7.500
0.842,1.668,2.510
0.072,2.490,2.561
7.098,6.978,14.075
1.622,6.541,8.163
0.884,1.625,2.510
3.880,2.817,6.696
1.927,9.935,11.861
3.014,0.208,3.222
0.901,3.044,3.946
2.004,0.808,2.812
1.794,4.008,5.802
0.582,8.890,9.472
10.229,6.037,16.266
0.152,0.344,0.496
2.839,1.599,4.439
3.401,7.631,11.032
0.719,0.123,0.841
0.778,4.709,5.488
3.224,4.805,8.030
6.675,2.388,9.063
0.917,6.431,7.348
0.140,2.921,3.061
1.610,4.078,5.687
0.971,6.507,7.479
6.117,5.402,11.518
0.295,8.299,8.594
0.958,9.853,10.811
10.007,6.328,16.334
4.508,0.793,5.300
2.979,3.289,6.268
2.689,0.407,3.096
2.421,7.625,10.045
2.224,6.114,8.338
0.785,6.574,7.359
3.708,6.544,10.252
0.052,9.720,9.773
1.377,7.772,9.149
7.744,6.757,14.501
8.587,8.654,17.241
2.273,5.078,7.352
6.511,2.127,8.638
3.097,4.030,7.127
0.316,1.844,2.160
2.060,0.843,2.904
1.250,7.089,8.339
4.147,1.877,6.024
1.484,5.308,6.792
0.258,4.122,4.380
0.851,9.038,9.889
1.099,5.519,6.618
5.846,9.214,15.060
3.788,9.861,13.649
1.721,4.578,6.299
1.178,2.566,3.745
5.788,5.152,10.940
2.327,7.644,9.971
0.782,8.258,9.040
0.056,0.096,0.153
4.497,5.260,9.757
5.564,6.581,12.146
4.901,6.283,11.184
3.083,5.908,8.991
5.395,8.964,14.358
1.497,2.683,4.180
0.296,6.587,6.883
2.340,0.407,2.747
6.378,6.447,12.825
2.087,8.696,10.783
1.144,3.195,4.339
4.494,8.296,12.789
4.713,7.022,11.735
1.684,6.130,7.814
3.849,8.682,12.532
3.386,2.385,5.771
3.763,0.462,4.225
9.046,7.073,16.119
1.797,0.744,2.541
2.305,4.390,6.695
0.254,3.321,3.575
0.204,5.599,5.803
4.298,4.629,8.927
11.272,6.109,17.380
0.532,4.573,5.106
0.615,3.381,3.996
2.525,0.301,2.825
2.255,8.787,11.042
3.738,8.284,12.022
6.354,6.394,12.749
7.319,6.383,13.702
1.954,9.992,11.947
2.170,2.597,4.767
3.874,8.136,12.010
10.333,0.236,10.570
0.339,4.192,4.531
1.211,5.934,7.145
1.293,1.666,2.959
2.919,6.931,9.850
0.136,6.871,7.007
12.769,1.449,14.218
7.837,8.233,16.070
5.763,7.850,13.613
1.538,2.160,3.698
3.034,5.275,8.308
2.901,2.118,5.019
10.942,4.930,15.872
1.944,7.560,9.504
5.381,6.941,12.322
0.585,0.137,0.723
6.281,1.184,7.465
2.379,4.433,6.812
7.223,6.669,13.892
2.099,8.084,10.183
2.975,9.079,12.053
2.791,6.978,9.769
0.227,4.578,4.805
7.205,0.652,7.857
1.955,4.895,6.850
0.386,6.067,6.453
1.069,7.260,8.329
0.001,1.964,1.964
1.243,6.139,7.382
3.327,9.621,12.948
0.025,6.175,6.200
7.531,1.921,9.451
1.686,7.356,9.042
0.729,5.901,6.630
1.521,5.561,7.082
1.217,9.470,10.687
0.647,4.154,4.801
0.241,0.507,0.748
6.556,2.055,8.611
1.792,7.172,8.964
2.813,8.956,11.770
8.207,3.735,11.942
0.864,9.027,9.891
2.950,6.502,9.453
0.548,5.081,5.629
2.517,5.957,8.474
0.039,6.705,6.744
1.972,6.144,8.116
7.157,5.678,12.835
0.648,1.204,1.853
2.185,5.084,7.269
1.921,2.136,4.056
0.680,8.258,8.938
0.452,6.405,6.858
1.194,0.837,2.031
0.729,1.909,2.638
4.150,6.461,10.611
11.152,1.411,12.562
1.200,6.674,7.874
0.859,6.245,7.103
0.102,7.120,7.222
11.063,1.603,12.667
3.981,1.747,5.728
0.084,5.951,6.035
5.178,3.430,8.608
2.962,5.626,8.588
7.820,3.061,10.881
2.520,1.140,3.660
0.650,0.273,0.922
0.376,5.136,5.512
0.713,9.389,10.102
0.750,0.775,1.525
1.131,7.598,8.729
2.324,6.734,9.058
1.884,1.452,3.336
0.361,9.396,9.757
7.372,9.682,17.054
0.411,6.753,7.164
7.165,6.356,13.521
0.807,9.558,10.365
1.282,6.739,8.021
7.399,3.162,10.561
0.008,5.738,5.746
0.062,9.492,9.554
1.198,0.626,1.824
1.766,6.645,8.410
4.687,2.187,6.875
1.094,0.256,1.350
5.159,8.924,14.083
7.109,2.912,10.021
1.388,5.091,6.479
4.471,8.491,12.962
6.963,5.080,12.043
1.548,5.769,7.316
0.116,0.417,0.533
2.218,2.153,4.370
1.993,1.953,3.946
0.226,2.694,2.919
0.618,6.787,7.405
9.995,6.034,16.029
4.929,4.953,9.883
4.741,2.889,7.630
0.942,2.848,3.790
7.570,9.841,17.411
3.352,4.124,7.476
0.106,1.931,2.037
0.840,2.042,2.882
2.026,7.437,9.462
5.627,0.374,6.001
1.212,6.030,7.242
1.287,8.198,9.486
6.973,9.487,16.460
4.231,4.120,8.350
2.564,9.437,12.000
0.758,1.744,2.502
3.763,1.902,5.666
0.607,6.538,7.146
4.126,4.659,8.785
3.888,8.129,12.018
4.095,2.170,6.264
0.418,6.017,6.435
1.982,6.899,8.880
6.029,7.520,13.549
6.363,9.882,16.245
4.046,0.728,4.773
2.442,9.848,12.290
1.718,3.687,5.405
6.418,3.006,9.424
0.735,8.996,9.731
1.979,1.800,3.779
0.034,8.923,8.957
0.359,4.931,5.290
0.019,5.680,5.698
0.117,2.221,2.339
3.087,6.439,9.525
0.198,1.332,1.530
2.029,5.898,7.927
0.506,6.306,6.812
4.130,0.606,4.736
4.596,6.073,10.670
0.687,0.556,1.243
2.594,4.090,6.684
8.069,9.128,17.197
3.497,4.401,7.898
0.003,7.607,7.610
3.539,9.496,13.035
12.496,9.806,22.302
1.367,1.611,2.977
2.742,4.344,7.086
0.640,6.311,6.950
1.352,0.487,1.839
0.977,9.861,10.838
2.399,1.323,3.723
6.473,3.324,9.797
2.488,3.645,6.134
0.057,6.690,6.747
2.090,9.170,11.260
7.920,5.843,13.763
1.544,6.588,8.132
1.176,3.442,4.619
3.764,8.817,12.581
4.725,3.467,8.192
5.669,3.687,9.356
4.997,9.569,14.566
1.317,0.232,1.549
0.346,5.426,5.772
1.925,3.549,5.474
1.129,5.017,6.146
1.743,2.171,3.914
1.228,2.763,3.991
1.373,8.232,9.604
4.135,8.721,12.855
1.644,1.795,3.439
0.713,6.410,7.124
4.259,7.294,11.553
2.926,4.366,7.292
0.631,7.068,7.699
3.563,4.089,7.652
3.090,6.043,9.133
2.634,0.962,3.596
2.104,8.863,10.967
4.139,9.810,13.948
13.371,2.325,15.695
1.115,8.693,9.808
4.739,4.313,9.052
4.583,8.161,12.743
2.762,6.578,9.340
3.962,8.042,12.004
1.292,6.868,8.160
0.098,3.883,3.981
0.288,3.477,3.765
2.247,4.193,6.440
4.915,7.400,12.315
6.447,3.039,9.487
2.406,9.891,12.297
2.373,1.919,4.292
0.390,2.906,3.296
2.327,6.203,8.530
0.610,9.118,9.728
1.095,4.000,5.095
4.003,1.936,5.939
0.554,7.891,8.445
7.487,6.946,14.433
2.883,1.491,4.374
15.127,8.732,23.859
2.910,0.803,3.713
1.501,0.418,1.919
0.105,7.041,7.146
0.649,4.769,5.417
3.357,1.983,5.340
4.046,8.170,12.216
0.693,8.573,9.267
0.586,1.324,1.910
1.561,3.239,4.800
2.665,8.717,11.382
1.578,1.301,2.879
1.649,7.210,8.859
0.551,2.507,3.058
4.349,0.442,4.790
2.270,2.954,5.224
7.551,0.235,7.785
2.128,0.753,2.882
6.272,3.505,9.777
4.351,4.798,9.149
5.430,2.293,7.723
0.333,0.900,1.232
1.794,3.475,5.269
3.242,4.945,8.187
1.243,8.437,9.679
1.629,0.288,1.917
0.627,1.456,2.083
0.425,4.154,4.579
1.182,6.847,8.029
3.580,0.973,4.553
6.955,9.617,16.572
0.012,0.000,0.012
4.108,0.386,4.494
1.512,7.065,8.577
1.292,8.012,9.304
1.929,4.125,6.054
0.143,4.998,5.140
0.942,1.423,2.366
0.119,1.875,1.994
1.237,5.208,6.445
0.022,1.352,1.374
0.789,0.420,1.209
0.492,5.056,5.548
0.543,0.965,1.508
1.540,9.332,10.872
2.685,1.756,4.441
18.529,0.729,19.258
1.113,3.989,5.102
2.814,6.916,9.730
7.671,9.914,17.584
8.255,9.853,18.107
2.679,1.094,3.773
0.449,1.928,2.377
0.449,0.273,0.722
2.602,5.185,7.787
3.373,4.537,7.909
1.573,4.918,6.491
7.762,0.791,8.553
0.793,0.716,1.509
3.641,7.439,11.080
0.064,9.687,9.751
1.804,1.231,3.035
0.153,2.733,2.886
1.481,4.994,6.475
0.393,1.142,1.535
2.561,4.571,7.133
11.010,2.056,13.065
0.198,6.401,6.599
2.824,9.815,12.639
2.889,1.203,4.092
11.175,0.412,11.587
2.185,4.183,6.368
7.894,7.857,15.751
3.215,6.996,10.212
5.343,3.206,8.549
4.280,3.298,7.578
0.746,8.705,9.451
0.348,3.737,4.085
0.352,1.216,1.568
1.202,7.961,9.163
5.505,5.130,10.635
0.154,1.853,2.007
1.399,1.340,2.739
0.969,9.646,10.615
2.473,7.832,10.305
1.913,6.022,7.935
3.081,2.512,5.593
0.129,0.890,1.019
2.713,3.339,6.052
1.008,8.088,9.096
1.185,8.147,9.332
7.910,0.900,8.809
1.026,0.517,1.543
0.300,2.695,2.995
5.369,8.677,14.046
0.926,3.129,4.055
2.846,9.881,12.727
8.205,5.654,13.860
4.523,3.103,7.626
1.994,0.888,2.883
8.901,9.391,18.292
2.135,0.595,2.730
1.458,4.093,5.551
1.262,7.551,8.814
1.071,3.929,5.001
6.066,8.974,15.040
0.222,7.968,8.190
6.655,2.394,9.049
0.306,3.346,3.651
1.753,9.965,11.718
1.332,8.116,9.448
7.941,4.780,12.722
4.880,8.636,13.515
0.214,1.074,1.288
8.008,9.455,17.462
1.595,6.170,7.765
2.191,6.446,8.637
3.982,9.321,13.303
0.728,3.292,4.020
3.572,0.980,4.552
6.580,3.345,9.925
0.782,3.157,3.939
5.156,4.734,9.890
0.993,9.875,10.868
5.157,8.413,13.570
5.692,0.645,6.338
2.331,9.959,12.290
1.603,1.671,3.273
0.501,9.429,9.930
11.288,2.009,13.298
0.958,7.155,8.113
0.944,2.971,3.915
0.935,6.269,7.204
4.150,7.712,11.862
0.519,6.669,7.188
1.517,7.656,9.173
0.560,7.164,7.724
1.631,3.113,4.744
7.189,9.666,16.855
2.533,9.578,12.111
1.164,9.889,11.053
2.721,9.173,11.894
0.494,9.078,9.572
0.032,7.279,7.312
5.818,0.565,6.383
0.850,6.501,7.351
10.555,4.147,14.702
1.245,1.391,2.636
2.606,8.910,11.516
0.719,4.353,5.073
9.126,6.428,15.553
4.246,3.461,7.707
0.539,7.089,7.628
0.202,9.765,9.967
1.462,3.195,4.657
6.022,8.543,14.565
7.417,1.810,9.226
0.572,4.553,5.125
3.800,2.823,6.624
1.695,4.493,6.188
1.305,2.306,3.610
0.739,4.279,5.017
6.258,7.335,13.593
10.242,5.495,15.737
8.495,5.847,14.342
1.996,9.118,11.114
2.641,7.991,10.632
2.202,5.398,7.600
0.468,3.901,4.368
8.008,8.264,16.271
7.612,5.710,13.322
3.637,7.776,11.414
15.678,0.770,16.448
2.871,3.499,6.370
1.187,1.542,2.730
11.372,5.684,17.055
3.658,6.503,10.161
0.362,8.736,9.098
15.041,5.281,20.323
16.617,6.311,22.927
3.793,8.560,12.354
4.832,6.867,11.699
6.187,7.188,13.375
1.192,3.272,4.464
7.325,0.737,8.062
3.301,4.503,7.803
2.636,7.220,9.856
1.279,8.434,9.713
0.732,4.779,5.511
0.380,9.091,9.471
0.585,1.366,1.951
1.913,3.668,5.582
3.451,6.713,10.164
0.540,5.027,5.567
2.299,3.876,6.174
0.497,7.882,8.379
2.570,5.945,8.515
7.153,6.414,13.567
2.800,7.640,10.439
0.363,9.049,9.412
5.521,8.946,14.467
2.882,8.152,11.034
2.927,8.142,11.070
8.316,3.854,12.170
1.663,5.835,7.498
0.315,7.444,7.759
6.758,8.031,14.789
6.296,6.177,12.473
0.283,6.572,6.856
5.404,9.748,15.152
2.237,6.148,8.385
8.280,1.625,9.905
2.402,4.011,6.412
0.092,6.287,6.379
5.967,1.511,7.478
1.843,9.754,11.598
0.843,1.032,1.875
1.827,5.997,7.824
2.149,0.907,3.056
0.586,6.443,7.029
1.240,8.441,9.681
0.134,6.425,6.559
0.534,7.314,7.848
9.247,5.224,14.471
1.512,6.919,8.431
6.060,2.589,8.648
0.427,5.605,6.032
5.392,5.301,10.693
1.204,6.186,7.389
0.338,3.172,3.510
3.821,8.256,12.076
0.252,0.498,0.750
0.847,1.501,2.349
2.034,3.932,5.967
3.641,4.065,7.706
7.388,6.974,14.362
2.112,5.748,7.860
2.550,3.040,5.591
0.524,5.343,5.868
2.487,0.739,3.225
1.557,7.901,9.458
1.608,6.499,8.107
1.507,8.843,10.350
6.196,3.592,9.788
7.142,1.866,9.008
2.295,4.282,6.577
6.323,6.525,12.848
1.122,6.233,7.355
0.262,6.018,6.279
0.467,9.557,10.023
4.841,5.226,10.067
2.108,0.657,2.765
5.116,5.349,10.465
0.959,8.283,9.242
2.450,0.643,3.093
2.011,6.718,8.729
0.503,0.675,1.179
12.390,7.461,19.851
2.589,7.401,9.990
0.556,1.548,2.104
1.057,7.232,8.289
5.819,2.575,8.394
1.379,3.588,4.967
2.821,1.841,4.662
6.415,8.430,14.846
3.806,9.997,13.803
9.561,0.016,9.577
4.053,8.383,12.436
6.299,8.685,14.984
1.150,1.627,2.777
26.841,3.352,30.193
2.708,9.592,12.300
9.740,1.643,11.383
3.947,6.100,10.047
1.429,2.170,3.599
1.272,8.147,9.419
0.572,0.466,1.039
3.144,1.676,4.820
0.840,4.790,5.630
15.471,4.895,20.366
9.413,2.283,11.697
3.388,7.109,10.497
5.194,6.488,11.682
0.128,4.905,5.033
8.244,4.587,12.831
0.369,4.566,4.935
0.867,5.488,6.355
1.826,3.032,4.858
11.707,8.865,20.572
0.877,6.006,6.883
0.629,7.391,8.020
0.141,6.479,6.621
3.600,3.691,7.291
2.281,6.503,8.784
0.109,4.913,5.023
0.573,5.987,6.560
1.375,6.019,7.394
1.523,3.987,5.510
1.770,5.352,7.123
0.410,4.068,4.479
0.712,5.893,6.605
1.217,6.240,7.457
0.581,6.172,6.753
7.350,8.021,15.371
0.813,4.423,5.237
0.727,1.110,1.837
1.866,6.490,8.356
3.420,7.295,10.715
15.127,6.323,21.450
0.097,4.399,4.496
3.490,6.376,9.866
1.721,8.887,10.608
1.273,8.774,10.047
2.282,6.852,9.135
1.767,3.242,5.009
6.769,9.712,16.482
2.500,5.963,8.463
2.920,4.795,7.714
3.060,1.608,4.668
0.406,7.556,7.962
4.676,6.088,10.764
0.022,2.424,2.446
6.325,7.008,13.334
3.535,5.314,8.848
4.247,4.845,9.093
4.644,9.979,14.624
1.616,3.075,4.691
1.427,3.363,4.790
2.349,8.467,10.817
0.712,5.300,6.012
0.239,6.737,6.976
5.075,6.006,11.081
2.150,4.302,6.453
2.541,2.742,5.282
0.510,2.021,2.531
0.578,6.068,6.646
0.502,3.680,4.182
1.342,7.751,9.093
10.242,3.118,13.360
0.133,8.558,8.690
5.587,8.225,13.812
0.287,0.194,0.481
1.263,2.835,4.099
0.788,9.001,9.789
2.633,8.635,11.268
3.983,8.584,12.567
0.389,0.314,0.703
3.304,6.210,9.513
0.336,8.443,8.778
0.484,6.136,6.621
1.241,3.879,5.120
4.637,2.019,6.656
6.821,7.864,14.686
0.251,7.878,8.129
2.312,5.822,8.134
4.891,0.255,5.147
0.859,4.893,5.752
1.490,0.630,2.120
2.186,7.454,9.640
0.087,6.931,7.019
1.262,5.141,6.403
7.542,5.833,13.376
7.187,2.623,9.810
1.498,5.347,6.845
3.465,3.115,6.581
5.330,5.662,10.992
4.873,4.554,9.426
2.142,8.854,10.996
0.034,0.219,0.253
0.641,7.654,8.295
3.843,7.319,11.162
6.240,4.047,10.287
10.098,9.943,20.041
1.808,2.403,4.212
3.458,6.869,10.327
0.525,6.670,7.195
1.371,3.839,5.210
16.497,5.432,21.929
5.997,2.297,8.295
0.089,7.809,7.898
4.618,7.659,12.276
0.386,0.875,1.262
1.684,7.628,9.311
2.438,4.311,6.749
2.824,1.129,3.953
5.428,2.959,8.388
0.466,9.661,10.128
0.061,8.364,8.425
1.212,5.165,6.377
0.584,7.046,7.630
0.587,0.907,1.494
0.418,1.090,1.508
5.037,1.263,6.300
0.975,9.514,10.489
4.696,5.217,9.913
4.511,8.653,13.165
4.073,5.570,9.643
0.234,2.055,2.289
0.273,0.348,0.621
3.283,9.097,12.380
1.075,2.806,3.881
9.600,2.001,11.601
0.212,4.680,4.892
3.731,3.712,7.443
8.309,1.566,9.875
5.214,0.248,5.461
1.958,6.577,8.536
4.041,2.342,6.383
4.107,7.187,11.294
6.927,7.158,14.085
2.908,8.400,11.308
6.970,2.408,9.378
0.333,5.311,5.644
1.982,1.325,3.307
0.817,5.948,6.765
1.145,6.613,7.758
1.864,0.102,1.966
0.614,0.936,1.550
2.647,6.740,9.388
1.304,6.340,7.644
0.615,2.091,2.705
10.079,9.388,19.467
1.042,0.315,1.357
2.107,9.517,11.624
0.823,4.439,5.262
2.043,8.466,10.509
1.098,8.395,9.493
0.215,6.785,7.001
9.930,6.761,16.691
0.772,1.689,2.461
10.444,9.476,19.921
2.881,9.140,12.021
1.334,8.653,9.987
0.958,7.187,8.145
8.674,7.161,15.834
2.317,6.415,8.732
1.468,7.436,8.904
4.028,7.245,11.274
2.890,7.386,10.276
5.523,5.662,11.185
2.773,7.501,10.274
0.710,0.745,1.455
2.412,4.891,7.303
0.533,2.993,3.525
0.223,4.022,4.245
6.144,9.463,15.608
2.010,6.340,8.350
6.302,3.037,9.339
0.711,5.900,6.611
1.803,9.175,10.978
1.544,2.149,3.692
5.193,3.905,9.098
2.285,5.437,7.722
5.055,6.713,11.768
5.386,0.846,6.232
8.220,5.818,14.038
1.901,6.958,8.859
11.830,3.409,15.239
6.248,9.471,15.719
1.406,2.021,3.427
0.359,9.261,9.621
10.713,5.237,15.950
0.031,2.291,2.322
1.077,5.207,6.284
2.558,9.140,11.698
0.320,2.988,3.308
2.101,8.345,10.447
0.756,5.542,6.298
4.663,6.336,10.999
4.546,2.702,7.248
0.316,0.456,0.772
3.144,9.767,12.911
1.066,9.398,10.464
1.304,5.173,6.476
0.468,8.087,8.555
1.149,0.856,2.005
8.566,7.370,15.936
0.662,7.478,8.140
1.844,3.827,5.671
1.091,9.685,10.776
7.301,8.703,16.004
5.447,8.828,14.275
2.565,1.707,4.272
8.243,0.570,8.813
0.862,3.983,4.845
3.612,0.138,3.750
1.471,3.207,4.678
1.249,6.221,7.470
0.064,3.404,3.468
0.956,9.490,10.446
1.209,4.147,5.356
4.422,9.746,14.168
9.047,0.439,9.486
4.260,7.267,11.527
12.256,2.499,14.755
3.081,0.145,3.225
1.663,0.059,1.721
2.289,6.124,8.413
7.504,1.328,8.831
1.689,0.752,2.441
1.097,9.524,10.621
0.550,3.539,4.089
0.812,3.312,4.124
17.005,7.574,24.579
7.483,2.652,10.135
0.988,7.756,8.744
1.169,8.711,9.880
3.163,5.204,8.367
0.414,9.083,9.497
0.609,7.074,7.682
2.380,2.850,5.230
8.365,9.334,17.698
0.094,8.757,8.851
1.153,9.980,11.133
1.316,1.947,3.263
9.569,5.164,14.733
5.612,0.356,5.968
4.979,6.037,11.016
3.868,0.710,4.578
1.882,5.688,7.569
0.259,6.331,6.590
2.748,3.527,6.275
2.425,7.774,10.200
3.408,2.951,6.360
2.166,3.295,5.461
1.308,9.401,10.710
10.427,8.567,18.994
0.624,3.774,4.398
2.397,4.660,7.058
2.259,0.579,2.837
0.205,5.814,6.019
5.181,4.523,9.704
0.212,3.228,3.440
1.923,8.422,10.345
2.559,4.295,6.854
0.787,9.911,10.698
20.093,8.394,28.488
14.387,4.820,19.207
3.017,1.317,4.334
1.242,8.934,10.175
0.510,3.725,4.234
0.151,7.984,8.134
1.391,9.691,11.082
2.564,3.069,5.633
2.725,7.522,10.248
2.044,7.039,9.083
1.471,6.685,8.156
0.165,8.619,8.783
1.361,2.116,3.477
0.883,6.031,6.914
1.510,8.809,10.319
0.206,3.862,4.068
0.892,8.662,9.554
1.442,2.438,3.880
5.077,3.533,8.610
6.737,9.399,16.136
6.475,7.509,13.984
0.130,9.863,9.993
1.170,7.381,8.551
1.217,4.688,5.905
3.788,5.501,9.289
0.423,2.855,3.278
5.112,3.048,8.161
2.007,2.190,4.197
0.588,4.131,4.719
0.709,4.874,5.584
3.675,3.143,6.817
0.096,4.559,4.655
3.141,1.848,4.989
3.173,6.946,10.119
1.116,5.872,6.988
4.186,4.020,8.206
0.799,5.353,6.152
1.167,8.035,9.201
0.292,5.638,5.930
0.927,3.376,4.303
1.532,2.096,3.627
2.052,8.426,10.478
0.982,2.530,3.512
2.585,4.510,7.095
0.646,4.047,4.693
7.766,1.441,9.207
2.115,7.300,9.415
5.632,8.545,14.177
0.794,1.289,2.083
3.014,1.546,4.560
3.632,9.304,12.936
1.595,6.727,8.322
1.778,4.250,6.028
4.706,0.821,5.527
0.962,9.907,10.869
6.070,5.376,11.446
5.641,0.320,5.961
0.567,5.595,6.162
6.551,8.162,14.713
6.036,3.150,9.186
9.696,3.875,13.572
0.861,1.374,2.234
3.548,9.299,12.847
6.198,9.877,16.075
3.417,2.564,5.981
2.143,7.104,9.247
0.051,4.836,4.887
12.772,7.202,19.975
2.860,6.636,9.496
2.104,0.762,2.867
1.317,3.666,4.983
0.238,2.316,2.554
1.367,0.677,2.044
2.745,2.707,5.452
8.897,0.139,9.036
0.267,6.620,6.887
0.037,5.484,5.521
0.231,7.605,7.836
2.644,4.623,7.268
5.872,6.080,11.952
1.289,8.113,9.402
1.796,4.896,6.692
1.635,8.928,10.563
0.345,9.665,10.010
2.874,1.227,4.102
0.650,4.394,5.044
3.805,1.097,4.903
3.105,2.314,5.419
5.646,9.746,15.392
2.579,5.912,8.491
1.946,3.744,5.690
0.034,8.838,8.872
1.710,0.522,2.231
3.329,8.980,12.309
6.171,5.073,11.243
1.921,7.302,9.223
0.281,8.416,8.697
0.413,5.148,5.560
6.315,4.486,10.801
3.447,9.480,12.927
1.021,0.860,1.881
0.410,1.998,2.408
0.136,8.832,8.968
3.629,0.061,3.690
1.238,2.445,3.683
2.593,8.454,11.047
5.238,8.021,13.259
4.855,3.786,8.641
3.441,5.746,9.188
0.887,4.461,5.348
7.040,1.676,8.716
0.043,5.298,5.341
0.763,3.138,3.901
1.254,9.009,10.263
4.984,2.153,7.137
1.358,3.753,5.111
2.018,4.661,6.679
2.411,9.404,11.815
0.384,7.159,7.543
1.152,1.874,3.026
2.844,4.490,7.333
0.975,0.814,1.790
2.427,2.518,4.944
3.241,6.014,9.255
3.666,3.466,7.132
1.891,4.044,5.934
0.452,1.584,2.035
3.473,8.286,11.759
0.233,6.910,7.143
2.883,9.020,11.903
0.972,5.382,6.354
0.706,4.234,4.940
1.623,7.973,9.596
0.656,9.256,9.912
1.888,9.068,10.957
4.212,3.450,7.662
0.579,3.718,4.297
5.013,6.187,11.200
0.440,8.311,8.751
0.108,0.343,0.451
1.247,1.244,2.491
1.935,3.689,5.624
1.779,9.498,11.276
1.450,9.185,10.635
10.462,2.962,13.424
0.640,4.375,5.015
1.020,2.900,3.920
1.417,5.811,7.228
0.216,4.527,4.743
0.463,1.129,1.592
2.466,3.345,5.811
0.279,6.762,7.041
3.016,0.980,3.996
1.953,1.121,3.074
0.622,4.481,5.102
0.837,6.641,7.478
4.755,4.489,9.244
7.368,5.527,12.895
5.502,1.290,6.792
7.362,8.697,16.059
0.297,0.686,0.983
1.102,2.182,3.284
1.051,9.771,10.822
4.182,1.888,6.070
5.224,6.345,11.569
1.859,2.985,4.844
5.617,7.836,13.453
0.094,5.983,6.077
1.223,3.005,4.229
1.002,5.796,6.798
3.854,3.317,7.171
0.069,8.343,8.413
2.913,1.160,4.074
1.141,7.832,8.973
0.414,2.109,2.523
1.583,5.815,7.398
0.701,5.242,5.942
2.037,2.161,4.198
1.853,2.069,3.921
3.483,0.665,4.148
6.873,7.446,14.320
1.025,6.246,7.272
1.070,8.402,9.472
4.747,2.906,7.653
0.193,5.306,5.499
2.219,3.642,5.861
4.570,8.236,12.806
0.181,6.124,6.304
2.454,2.099,4.553
2.797,5.594,8.391
0.012,4.790,4.803
2.207,4.458,6.666
4.012,3.862,7.874
0.828,5.646,6.474
1.495,1.758,3.253
5.161,5.405,10.566
4.328,6.427,10.755
12.477,5.997,18.474
7.452,2.759,10.211
3.659,5.721,9.380
3.016,3.398,6.413
3.368,5.022,8.391
0.070,4.645,4.715
5.480,4.394,9.874
4.153,5.997,10.150
1.674,0.751,2.425
2.119,0.101,2.220
2.683,3.150,5.833
4.340,5.745,10.086
5.022,9.723,14.745
7.012,3.738,10.750
7.354,2.036,9.390
1.526,1.903,3.429
12.733,1.809,14.542
3.922,2.076,5.998
0.287,1.974,2.261
5.511,7.497,13.008
0.286,7.060,7.346
2.541,8.871,11.412
3.093,4.026,7.119
4.763,5.477,10.240
0.557,5.289,5.846
0.798,7.441,8.239
3.096,8.142,11.239
3.977,1.080,5.056
0.573,3.335,3.908
1.886,7.486,9.372
2.740,8.276,11.016
0.233,4.650,4.883
1.410,0.305,1.714
2.522,7.259,9.781
1.039,5.831,6.870
0.460,1.436,1.896
5.325,8.648,13.973
5.198,7.539,12.737
4.984,0.920,5.904
1.805,7.454,9.259
0.251,5.774,6.025
3.100,3.203,6.303
4.555,0.878,5.433
0.942,6.281,7.224
4.431,5.133,9.563
0.884,4.699,5.583
6.997,7.371,14.367
0.378,6.890,7.268
0.130,1.270,1.400
1.273,1.175,2.448
0.248,0.089,0.337
2.773,9.987,12.760
2.704,2.679,5.383
1.891,2.168,4.059
0.450,4.548,4.998
13.256,7.360,20.616
1.437,5.498,6.935
0.440,9.488,9.928
0.089,4.518,4.607
1.332,8.154,9.486
0.391,5.968,6.358
13.651,4.991,18.642
5.765,3.022,8.787
3.876,4.601,8.477
0.441,4.335,4.775
6.009,2.673,8.682
0.892,8.781,9.673
1.677,1.148,2.825
0.915,2.142,3.056
1.208,0.968,2.176
2.333,5.493,7.826
5.427,2.584,8.011
0.423,4.638,5.061
0.132,6.671,6.803
0.638,7.291,7.929
4.122,0.621,4.743
4.904,0.320,5.225
4.047,6.231,10.278
0.484,7.661,8.145
2.035,7.534,9.570
1.430,1.965,3.395
4.907,3.942,8.849
1.196,8.371,9.567
1.146,3.734,4.880
2.794,7.020,9.814
2.892,3.825,6.716
2.163,7.289,9.453
3.955,3.083,7.037
7.414,8.138,15.552
4.396,5.591,9.987
1.852,6.142,7.994
1.725,5.139,6.864
0.597,9.733,10.330
2.145,0.857,3.002
7.358,3.632,10.990
7.627,7.895,15.521
4.725,8.824,13.549
3.785,6.123,9.908
2.514,9.114,11.628
1.510,1.779,3.289
0.597,8.191,8.788
6.393,8.811,15.203
1.610,8.303,9.912
2.256,3.148,5.403
6.967,6.015,12.982
1.223,0.061,1.284
1.474,2.690,4.163
2.463,9.527,11.990
8.053,9.540,17.592
0.565,9.204,9.769
9.996,1.709,11.705
0.280,1.410,1.690
4.440,7.208,11.648
0.916,2.915,3.831
7.180,5.831,13.010
0.573,8.948,9.522
0.778,3.399,4.177
1.831,4.843,6.673
0.635,3.284,3.919
1.739,3.261,5.000
0.042,7.421,7.462
5.648,9.649,15.297
3.626,8.266,11.892
6.842,0.669,7.510
2.228,1.920,4.147
2.466,2.588,5.054
0.179,4.428,4.607
2.774,9.876,12.650
3.536,9.742,13.278
3.640,1.181,4.821
0.056,8.371,8.427
2.960,6.065,9.025
3.666,4.955,8.621
0.027,9.624,9.650
1.608,2.974,4.582
1.528,3.645,5.173
2.738,3.488,6.226
11.391,0.970,12.362
3.650,5.534,9.184
0.353,7.110,7.463
5.226,5.066,10.292
5.793,0.929,6.722
1.089,3.430,4.520
1.481,2.970,4.451
1.173,2.847,4.020
8.862,6.142,15.004
0.045,4.951,4.996
0.802,3.815,4.617
0.242,9.333,9.575
4.788,9.672,14.460
5.179,2.411,7.589
4.315,8.862,13.178
2.348,1.435,3.783
0.179,1.328,1.507
4.593,7.614,12.207
2.897,2.857,5.754
1.103,0.520,1.623
3.709,5.920,9.629
0.534,9.345,9.879
11.643,1.729,13.372
8.417,2.007,10.423
4.286,1.619,5.905
3.560,2.069,5.629
1.252,8.691,9.943
1.125,1.581,2.706
3.142,6.811,9.953
0.647,5.750,6.397
4.218,5.458,9.676
10.164,6.807,16.971
2.876,1.457,4.333
0.179,2.020,2.200
1.383,9.778,11.161
17.535,6.382,23.916
6.899,3.942,10.841
3.347,5.850,9.196
5.064,0.873,5.936
2.691,8.589,11.279
10.097,3.262,13.359
8.967,2.867,11.835
3.115,3.338,6.453
0.274,2.767,3.041
2.676,2.466,5.142
0.119,4.373,4.492
0.043,1.265,1.308
0.735,7.435,8.170
12.262,1.326,13.589
0.238,8.475,8.713
11.377,5.078,16.455
0.274,9.930,10.204
8.855,5.099,13.954
1.051,5.858,6.909
1.659,5.844,7.503
0.591,0.912,1.502
2.082,9.152,11.235
5.647,0.214,5.861
1.144,7.152,8.295
9.582,1.699,11.281
1.327,6.456,7.783
6.937,6.099,13.036
2.986,0.562,3.548
7.648,3.882,11.530
0.413,1.457,1.870
0.453,2.324,2.778
2.396,7.355,9.751
1.156,2.997,4.152
3.326,3.904,7.229
2.862,9.605,12.467
6.259,9.834,16.093
0.784,1.955,2.739
0.277,0.477,0.754
0.517,5.558,6.075
2.104,4.416,6.520
1.659,6.887,8.546
1.228,2.733,3.961
2.361,4.154,6.514
1.487,0.474,1.961
4.486,0.038,4.525
8.932,2.400,11.331
1.625,2.636,4.260
1.519,9.636,11.155
4.520,2.860,7.379
0.012,4.049,4.060
0.237,8.342,8.579
0.759,5.002,5.760
1.165,6.378,7.544
1.166,0.941,2.107
5.289,2.227,7.515
3.555,6.366,9.921
2.185,0.989,3.174
2.436,6.636,9.072
4.031,7.660,11.691
1.636,4.555,6.190
1.443,6.664,8.107
10.084,1.915,11.999
5.449,8.290,13.740
3.431,8.551,11.982
7.389,7.389,14.777
6.302,7.328,13.630
3.544,6.086,9.630
0.299,6.084,6.383
3.383,4.844,8.227
6.448,0.879,7.328
2.952,8.625,11.577
4.316,8.067,12.383
6.200,5.860,12.060
4.785,1.496,6.281
0.397,6.524,6.921
1.682,4.580,6.262
8.033,2.943,10.977
1.472,2.948,4.420
8.963,3.127,12.090
2.826,5.650,8.476
0.473,7.783,8.257
3.273,0.740,4.014
3.279,1.386,4.665
0.875,4.294,5.168
0.788,3.061,3.850
2.302,3.218,5.521
2.051,4.396,6.446
0.596,5.773,6.370
1.252,2.902,4.154
3.397,8.614,12.011
5.313,0.474,5.787
8.328,8.898,17.226
1.638,1.037,2.675
0.136,6.268,6.404
5.438,0.122,5.559
3.702,9.053,12.755
3.466,4.115,7.581
5.731,5.933,11.663
1.715,3.539,5.254
1.081,4.507,5.588
1.033,8.547,9.580
13.047,9.870,22.917
0.296,2.593,2.889
0.982,6.919,7.901
5.070,7.610,12.680
2.686,8.064,10.750
5.495,5.268,10.763
0.415,3.296,3.711
4.094,8.567,12.661
0.707,5.706,6.412
5.366,8.790,14.155
0.039,9.329,9.368
0.718,1.028,1.746
3.724,5.434,9.158
0.542,4.782,5.324
0.404,0.812,1.216
1.392,8.630,10.022
0.112,7.277,7.389
0.762,4.277,5.039
2.231,0.239,2.470
0.548,0.416,0.964
1.501,8.424,9.925
0.965,3.446,4.410
0.828,2.752,3.579
1.423,4.109,5.531
0.611,3.339,3.950
6.182,3.764,9.946
4.202,7.337,11.539
0.137,1.052,1.189
1.397,4.721,6.118
3.332,1.623,4.955
4.390,7.463,11.853
3.421,3.807,7.228
2.800,1.204,4.004
4.260,5.570,9.829
0.686,3.364,4.050
3.495,9.467,12.962
1.092,2.873,3.964
1.068,8.812,9.880
3.699,4.804,8.503
2.661,5.468,8.129
6.066,9.672,15.738
0.412,9.673,10.085
0.468,6.188,6.656
3.127,8.575,11.702
0.173,2.248,2.421
3.541,7.522,11.063
2.968,9.416,12.384
10.441,3.380,13.821
3.953,1.478,5.431
3.991,6.480,10.471
3.341,3.678,7.019
1.678,9.253,10.931
0.031,5.789,5.820
6.004,0.405,6.409
2.932,8.802,11.734
2.563,7.102,9.666
0.115,1.270,1.385
0.113,0.926,1.039
1.196,8.040,9.237
4.040,2.454,6.495
0.335,1.381,1.716
5.110,3.517,8.627
1.799,6.732,8.531
0.936,2.466,3.402
0.458,8.273,8.731
0.730,5.586,6.316
0.422,3.089,3.511
1.192,2.896,4.088
4.435,4.817,9.252
1.680,4.546,6.226
2.335,7.833,10.168
5.894,6.089,11.983
0.317,7.487,7.804
2.270,7.920,10.190
2.843,5.876,8.719
0.335,9.663,9.998
6.442,9.430,15.872
0.712,3.864,4.576
1.999,6.831,8.830
1.727,6.699,8.426
2.166,2.482,4.648
4.526,7.632,12.158
2.855,5.086,7.941
4.020,6.926,10.946
1.093,6.855,7.948
0.642,7.913,8.555
1.693,3.429,5.122
2.910,2.266,5.176
0.699,2.686,3.385
5.459,2.305,7.764
2.816,9.011,11.827
1.058,9.609,10.667
0.470,9.614,10.084
1.001,4.932,5.933
1.831,4.970,6.801
2.285,8.430,10.716
2.196,0.459,2.655
0.364,6.311,6.675
6.206,6.338,12.544
2.210,6.523,8.732
0.428,0.310,0.737
11.334,1.532,12.866
3.026,8.594,11.620
0.315,1.396,1.711
2.039,2.323,4.361
6.240,4.372,10.612
1.876,5.753,7.629
4.379,6.939,11.317
1.518,6.133,7.652
2.682,1.853,4.534
0.264,9.721,9.986
1.891,6.496,8.387
4.123,2.793,6.916
1.564,3.330,4.894
9.520,4.734,14.254
2.276,9.786,12.062
3.109,9.899,13.008
2.912,7.823,10.734
10.345,0.365,10.710
8.945,7.627,16.572
7.964,6.370,14.335
5.768,4.843,10.611
0.880,1.798,2.678
1.140,8.171,9.311
0.978,7.054,8.032
1.969,6.340,8.309
2.103,5.444,7.547
11.838,5.782,17.620
2.273,6.801,9.074
4.249,1.398,5.647
3.012,0.834,3.846
1.358,4.588,5.946
1.277,0.445,1.722
15.427,3.058,18.485
1.462,1.468,2.929
0.986,2.504,3.490
14.089,2.460,16.549
1.702,8.119,9.821
1.599,3.528,5.127
2.760,9.676,12.436
0.838,3.651,4.489
3.347,5.790,9.137
1.913,4.622,6.535
0.203,4.842,5.045
1.835,1.697,3.532
1.709,9.429,11.138
10.476,2.586,13.062
3.518,5.205,8.723
1.781,1.408,3.189
7.357,9.492,16.849
0.771,0.315,1.086
1.087,7.098,8.184
4.079,8.234,12.313
1.749,1.040,2.790
2.558,0.728,3.286
0.262,1.779,2.041
0.605,5.260,5.865
7.945,1.144,9.089
1.599,2.105,3.704
1.945,0.222,2.168
4.835,9.659,14.494
2.582,0.541,3.123
7.422,6.871,14.293
6.312,2.244,8.555
0.996,6.173,7.169
1.027,6.932,7.959
3.015,1.160,4.175
0.355,8.627,8.981
1.209,0.815,2.024
1.012,9.259,10.272
0.033,4.705,4.738
9.647,0.662,10.310
4.387,9.071,13.457
5.158,8.345,13.503
0.110,5.573,5.683
4.608,5.056,9.665
10.038,3.846,13.885
0.530,4.940,5.469
4.621,9.282,13.903
1.469,1.150,2.619
2.063,1.563,3.626
6.436,1.935,8.371
0.763,3.106,3.869
2.651,7.272,9.923
1.400,6.389,7.789
3.326,2.789,6.115
3.299,9.006,12.306
2.302,2.450,4.752
0.578,2.865,3.443
1.707,9.408,11.115
0.705,5.988,6.693
1.732,3.666,5.398
13.696,3.886,17.581
0.871,7.929,8.801
0.976,1.894,2.871
1.961,5.148,7.109
0.389,4.029,4.418
4.901,9.660,14.561
0.193,7.665,7.857
0.830,7.848,8.679
10.797,2.730,13.527
2.089,7.741,9.830
1.755,1.942,3.697
2.455,3.431,5.886
10.003,6.415,16.418
6.637,5.224,11.862
0.573,7.095,7.668
2.235,4.970,7.205
3.608,8.473,12.081
6.745,7.563,14.308
3.495,2.698,6.193
0.893,5.671,6.564
1.826,3.593,5.419
0.478,9.904,10.382
2.643,1.821,4.463
0.376,0.530,0.906
3.416,9.004,12.420
0.480,4.020,4.500
1.033,8.719,9.753
2.915,6.914,9.829
7.390,0.626,8.016
0.739,5.922,6.661
5.779,7.525,13.304
2.433,7.074,9.507
0.674,3.324,3.998
0.103,4.124,4.227
0.323,5.552,5.875
3.004,7.543,10.547
1.168,0.998,2.165
2.803,4.621,7.424
3.294,1.090,4.383
2.361,4.136,6.497
3.517,2.414,5.932
1.046,5.826,6.873
0.426,7.865,8.291
3.080,3.532,6.612
3.053,6.631,9.684
19.181,5.064,24.245
0.997,7.181,8.178
6.429,1.776,8.205
1.087,2.653,3.740
4.963,8.987,13.950
1.627,3.741,5.369
1.746,5.544,7.290
0.565,5.692,6.257
2.335,3.115,5.450
1.378,5.249,6.628
0.689,8.981,9.671
5.504,5.677,11.180
2.228,0.872,3.100
0.962,4.440,5.403
7.956,2.822,10.779
1.085,2.924,4.010
4.593,7.120,11.713
0.428,7.441,7.869
9.686,1.018,10.704
6.273,5.598,11.871
3.895,3.204,7.099
5.238,2.776,8.014
0.185,4.655,4.840
2.435,9.599,12.034
0.601,8.346,8.947
0.645,4.552,5.198
4.221,7.594,11.816
2.289,1.343,3.632
0.238,7.605,7.842
0.025,2.471,2.496
3.606,2.155,5.760
2.889,1.573,4.462
0.576,3.598,4.174
4.326,5.351,9.676
1.790,6.900,8.689
2.396,8.986,11.382
0.297,7.538,7.835
6.924,3.685,10.609
1.825,8.959,10.784
0.071,4.483,4.554
5.738,8.778,14.517
0.587,6.494,7.081
0.664,8.268,8.932
7.325,0.777,8.102
1.999,9.556,11.555
2.228,1.102,3.330
2.851,8.543,11.395
5.876,3.587,9.462
2.831,5.261,8.092
3.238,5.583,8.820
2.905,2.914,5.819
2.275,0.213,2.488
4.049,5.472,9.521
7.117,9.462,16.578
1.418,2.178,3.596
0.993,7.800,8.793
0.131,3.567,3.698
2.739,1.946,4.685
5.645,7.822,13.467
9.285,4.799,14.084
0.137,0.209,0.346
2.441,1.416,3.857
1.272,6.852,8.123
0.183,0.671,0.854
4.130,1.120,5.250
1.292,9.603,10.894
0.309,5.250,5.559
4.148,9.860,14.008
1.633,9.421,11.054
0.348,9.006,9.355
4.359,0.951,5.310
0.482,2.840,3.322
2.687,4.832,7.518
0.089,5.690,5.778
4.038,9.648,13.686
1.109,3.670,4.779
0.996,6.418,7.413
1.388,5.341,6.729
0.838,7.084,7.922
2.136,9.988,12.124
0.094,7.744,7.839
0.187,7.578,7.766
2.032,9.505,11.537
5.905,8.895,14.799
2.232,1.394,3.626
0.009,9.737,9.746
2.014,2.046,4.060
0.085,5.828,5.913
2.324,7.144,9.468
0.584,0.494,1.079
6.036,9.971,16.007
3.116,7.320,10.435
2.699,7.247,9.946
0.061,9.945,10.006
3.288,6.272,9.561
4.885,9.358,14.242
7.488,4.408,11.897
0.582,4.420,5.001
3.740,3.760,7.500
2.693,9.219,11.912
0.926,4.030,4.956
1.369,2.851,4.221
1.453,5.671,7.124
0.001,7.695,7.697
2.668,1.619,4.287
0.375,2.104,2.478
1.226,6.781,8.008
7.905,9.707,17.612
1.204,3.522,4.726
2.286,8.065,10.350
1.878,9.890,11.769
0.640,2.579,3.219
8.788,1.384,10.172
1.897,9.385,11.282
8.154,4.269,12.423
3.113,2.662,5.774
0.144,2.516,2.660
6.410,1.630,8.040
3.199,1.822,5.021
6.339,2.187,8.526
4.025,1.902,5.927
2.373,7.969,10.342
27.116,5.145,32.260
2.495,8.847,11.343
1.858,6.560,8.419
1.913,6.601,8.514
1.640,7.628,9.268
1.783,2.601,4.384
1.083,0.450,1.533
6.318,7.115,13.433
2.174,6.138,8.311
5.853,0.137,5.990
0.516,4.758,5.275
8.809,3.477,12.286
3.036,9.771,12.807
4.162,9.018,13.180
1.673,9.383,11.056
1.647,8.422,10.070
1.638,4.249,5.887
0.566,8.111,8.677
0.764,2.620,3.384
2.365,6.914,9.279
1.235,5.232,6.468
3.115,0.249,3.363
1.341,4.298,5.639
1.994,5.820,7.814
1.037,5.902,6.939
1.804,4.205,6.009
1.735,4.477,6.211
0.103,1.139,1.243
0.454,6.267,6.721
4.477,2.353,6.830
2.934,2.809,5.743
1.992,5.878,7.870
0.605,7.622,8.226
0.864,2.237,3.100
1.651,1.690,3.341
8.230,1.180,9.410
3.117,6.137,9.254
0.344,4.741,5.086
0.467,2.480,2.948
1.815,0.230,2.045
2.504,6.304,8.808
5.379,0.520,5.899
0.310,6.679,6.989
2.750,5.393,8.143
0.489,1.854,2.343
0.065,0.912,0.977
2.264,8.072,10.336
0.640,0.894,1.534
2.167,1.920,4.088
3.931,0.140,4.070
1.018,0.253,1.271
1.305,9.802,11.107
1.348,5.672,7.020
1.544,5.546,7.089
0.560,1.786,2.346
0.101,6.750,6.851
3.880,5.585,9.464
6.971,8.350,15.321
1.693,6.676,8.369
1.499,7.819,9.318
0.139,0.004,0.143
8.840,2.759,11.599
1.529,5.742,7.271
0.764,0.853,1.617
0.691,6.263,6.953
0.248,6.602,6.850
3.852,2.777,6.629
2.627,8.257,10.883
1.277,2.383,3.660
2.684,3.219,5.904
4.148,1.726,5.873
4.010,0.364,4.374
2.778,1.571,4.349
0.882,5.096,5.978
2.153,3.181,5.334
1.476,0.549,2.025
5.532,2.234,7.766
0.266,2.541,2.806
0.029,2.722,2.751
2.121,8.355,10.475
1.917,1.902,3.819
4.332,0.440,4.772
0.083,6.412,6.495
7.090,9.899,16.990
5.343,7.923,13.265
2.432,5.574,8.006
4.628,1.301,5.929
1.510,5.848,7.358
1.775,0.370,2.144
1.026,3.743,4.768
0.295,0.538,0.833
1.442,1.385,2.827
3.619,1.333,4.952
2.000,3.820,5.820
2.495,5.843,8.338
4.889,5.601,10.490
2.270,5.926,8.196
0.224,3.751,3.975
1.562,3.710,5.271
0.958,3.892,4.850
0.588,6.944,7.532
1.990,8.231,10.220
3.305,6.667,9.972
2.556,6.870,9.425
2.096,4.448,6.544
0.439,2.077,2.516
7.543,5.151,12.694
7.678,4.837,12.515
8.351,9.873,18.224
3.926,5.314,9.241
2.449,2.104,4.553
3.431,9.207,12.639
0.095,4.005,4.100
7.608,9.510,17.118
0.917,5.925,6.842
1.500,8.594,10.094
1.907,4.181,6.088
1.809,3.699,5.508
4.987,4.240,9.227
4.910,0.583,5.493
2.048,4.189,6.237
4.646,2.986,7.632
2.958,8.381,11.339
6.373,2.740,9.112
5.717,1.040,6.756
27.727,7.841,35.568
0.877,9.293,10.170
4.208,0.555,4.764
0.156,0.957,1.113
3.828,7.769,11.597
4.731,0.877,5.608
0.480,7.537,8.017
8.989,1.744,10.732
1.009,4.950,5.960
0.282,8.416,8.698
4.424,5.886,10.310
6.432,1.603,8.035
1.523,6.962,8.485
0.421,5.008,5.430
6.994,7.911,14.905
7.084,9.225,16.308
2.254,2.702,4.956
2.017,6.843,8.860
2.902,9.192,12.094
0.604,2.733,3.336
2.888,8.116,11.004
10.785,1.100,11.886
4.485,7.540,12.025
2.496,7.987,10.483
13.834,5.606,19.440
2.145,0.693,2.838
7.881,5.258,13.138
1.524,7.985,9.508
3.372,5.755,9.127
3.830,7.877,11.707
0.912,6.883,7.795
5.647,9.387,15.034
0.165,6.496,6.660
1.959,5.334,7.293
10.022,1.033,11.055
9.739,5.846,15.585
3.055,9.560,12.615
0.446,8.085,8.530
1.462,3.993,5.455
5.036,5.140,10.176
10.690,0.948,11.638
0.554,8.521,9.075
8.725,2.849,11.574
2.692,0.575,3.267
0.375,4.380,4.755
1.980,9.525,11.505
4.120,3.189,7.308
7.189,9.086,16.275
0.766,1.085,1.851
8.059,4.706,12.766
4.583,9.694,14.277
17.312,2.295,19.607
5.298,5.078,10.376
3.740,2.701,6.441
0.124,9.631,9.754
0.006,3.384,3.390
2.866,7.570,10.436
1.869,2.135,4.004
2.188,5.198,7.386
9.417,3.236,12.653
0.190,9.827,10.017
0.697,3.324,4.022
0.353,7.299,7.652
6.618,7.110,13.728
1.844,7.924,9.768
0.922,3.579,4.501
2.545,8.183,10.728
3.448,4.104,7.552
4.839,3.373,8.212
2.413,3.572,5.985
0.671,9.287,9.959
2.852,5.999,8.851
3.119,7.969,11.088
1.120,6.237,7.357
1.597,8.430,10.027
1.212,1.846,3.058
6.864,4.361,11.225
1.404,2.364,3.768
2.091,5.162,7.253
14.659,8.023,22.682
0.659,9.255,9.913
0.360,5.774,6.134
1.814,8.622,10.436
0.066,3.845,3.910
0.417,3.598,4.015
2.682,4.010,6.692
0.443,6.949,7.392
1.867,8.664,10.532
4.593,3.648,8.241
2.632,7.367,9.999
5.958,4.816,10.774
0.464,0.332,0.796
2.526,8.169,10.694
1.449,6.317,7.765
9.133,6.651,15.784
3.900,0.686,4.587
1.882,7.007,8.889
1.971,4.737,6.708
4.788,0.851,5.639
5.599,3.037,8.636
5.840,2.424,8.264
0.034,9.762,9.797
10.718,9.665,20.383
0.107,5.666,5.772
0.304,7.243,7.548
0.977,0.920,1.897
3.335,1.484,4.820
2.215,5.505,7.720
8.609,7.886,16.495
2.925,4.256,7.180
0.195,1.537,1.732
2.424,6.011,8.435
5.319,1.726,7.045
2.644,5.753,8.397
0.116,2.852,2.967
0.249,8.591,8.840
5.522,5.312,10.835
7.297,9.923,17.220
5.162,2.124,7.286
1.276,4.733,6.010
2.721,6.103,8.824
2.664,2.029,4.693
9.672,9.182,18.854
2.233,7.926,10.159
1.792,7.721,9.514
0.260,2.162,2.422
1.868,1.773,3.641
0.573,3.270,3.843
0.003,9.743,9.746
3.824,6.275,10.099
6.867,0.880,7.746
0.084,8.304,8.389
0.431,3.867,4.299
16.736,4.271,21.007
0.356,5.332,5.688
2.580,8.753,11.333
12.214,5.107,17.321
1.746,8.235,9.981
0.620,4.640,5.261
1.092,5.382,6.474
2.316,6.153,8.469
0.209,9.609,9.818
0.410,0.059,0.469
2.406,1.983,4.389
3.184,0.044,3.228
0.226,3.949,4.174
2.486,3.262,5.748
5.358,6.675,12.033
1.748,5.487,7.235
5.210,0.752,5.962
2.158,4.754,6.912
1.399,6.149,7.548
1.788,8.273,10.061
4.243,6.508,10.751
4.282,7.448,11.731
4.812,8.803,13.615
0.109,3.905,4.014
2.047,5.373,7.420
1.239,1.785,3.024
1.842,8.489,10.331
0.444,7.883,8.327
15.238,1.153,16.392
0.725,6.747,7.473
4.125,5.069,9.194
0.884,1.140,2.024
5.805,7.870,13.674
0.349,6.279,6.628
1.170,5.713,6.883
2.143,8.495,10.639
5.140,7.295,12.434
3.424,7.427,10.851
0.202,7.120,7.322
6.430,2.136,8.567
2.281,2.164,4.445
0.753,1.848,2.601
6.124,8.319,14.443
0.681,4.546,5.227
0.853,6.896,7.749
1.071,9.381,10.453
1.991,7.189,9.180
3.810,5.982,9.792
1.899,8.475,10.375
7.379,9.150,16.529
0.910,1.426,2.336
0.601,4.243,4.844
10.446,3.811,14.257
0.418,5.452,5.870
0.004,5.043,5.047
4.094,0.957,5.052
3.536,4.317,7.853
0.262,9.967,10.229
1.016,9.536,10.552
0.275,9.327,9.603
0.325,1.781,2.106
10.382,6.531,16.913
1.853,2.359,4.212
2.741,1.222,3.963
7.208,5.017,12.225
6.747,1.921,8.668
0.612,5.998,6.610
3.616,7.288,10.904
1.347,4.127,5.475
2.565,9.392,11.957
19.702,2.305,22.007
4.416,5.974,10.390
1.642,7.905,9.547
2.666,2.994,5.660
3.256,5.180,8.436
1.420,1.907,3.328
1.113,1.530,2.644
0.807,8.008,8.815
0.219,5.011,5.230
1.491,0.862,2.353
0.292,6.959,7.251
1.842,1.580,3.422
0.631,7.412,8.043
0.270,7.203,7.473
0.114,9.272,9.386
6.939,6.572,13.511
3.319,1.516,4.836
1.599,7.949,9.548
1.891,0.717,2.608
0.037,2.597,2.634
0.319,6.434,6.753
1.884,3.200,5.084
0.664,3.490,4.154
1.642,2.242,3.884
0.413,9.390,9.803
0.460,8.882,9.342
1.628,9.826,11.454
0.377,3.804,4.181
8.866,3.754,12.620
2.259,4.730,6.988
0.123,1.828,1.951
3.111,0.426,3.536
1.643,7.761,9.403
2.066,7.319,9.385
3.680,0.839,4.519
0.269,5.670,5.939
3.611,7.798,11.409
2.407,9.197,11.605
2.408,1.588,3.996
3.882,7.860,11.742
1.967,3.334,5.300
3.260,9.050,12.310
0.249,4.449,4.698
3.151,0.331,3.482
3.522,4.807,8.329
7.585,0.787,8.372
4.334,0.131,4.465
0.787,3.352,4.140
2.091,4.031,6.122
1.228,2.363,3.591
2.648,8.681,11.329
1.359,5.496,6.855
0.390,5.336,5.726
6.849,4.195,11.044
8.270,0.072,8.342
3.982,8.466,12.449
3.630,7.833,11.463
2.038,7.406,9.444
0.491,6.354,6.845
2.818,2.544,5.362
0.735,0.835,1.570
2.975,2.045,5.020
0.742,5.622,6.364
5.562,6.808,12.371
0.535,5.743,6.278
5.179,0.050,5.228
1.786,3.852,5.638
0.045,7.906,7.951
3.585,4.056,7.641
4.325,6.111,10.436
1.154,0.194,1.348
5.291,6.157,11.448
7.612,9.537,17.148
6.751,6.792,13.543
1.712,6.031,7.743
1.212,1.296,2.507
1.308,2.033,3.341
3.340,4.990,8.329
2.964,6.414,9.378
0.782,6.076,6.857
0.537,4.107,4.645
0.998,8.827,9.825
7.316,7.767,15.083
4.902,6.217,11.119
1.967,8.604,10.571
1.950,2.363,4.313
7.873,9.363,17.237
0.345,3.727,4.073
3.555,1.182,4.737
0.430,2.482,2.911
0.717,3.547,4.264
5.001,1.991,6.992
2.000,6.487,8.487
1.107,5.453,6.560
0.955,1.248,2.202
0.180,8.945,9.125
5.888,6.124,12.012
9.948,6.322,16.270
1.423,5.677,7.100
3.538,9.809,13.346
2.534,2.952,5.486
3.187,9.847,13.033
2.240,6.176,8.416
0.772,1.483,2.256
1.892,7.287,9.179
2.128,7.607,9.734
9.512,5.746,15.258
5.306,0.713,6.019
1.828,3.074,4.902
2.849,9.931,12.780
0.498,0.118,0.615
0.972,2.300,3.272
17.717,3.239,20.955
0.856,8.143,8.999
0.632,1.180,1.812
13.787,9.605,23.391
1.010,2.860,3.870
0.549,2.886,3.434
1.433,2.009,3.443
0.505,3.879,4.384
1.301,8.679,9.980
2.811,1.207,4.019
4.086,4.540,8.626
0.474,1.583,2.058
2.557,0.132,2.689
5.628,2.554,8.182
2.528,1.470,3.998
0.055,0.676,0.730
0.089,0.871,0.959
5.469,5.061,10.530
0.637,3.204,3.841
4.806,3.589,8.396
5.419,8.045,13.464
6.481,7.214,13.695
0.485,7.490,7.976
6.195,6.361,12.556
3.767,4.869,8.636
10.823,5.561,16.384
0.624,6.325,6.948
4.077,7.402,11.479
10.736,8.672,19.408
1.788,2.945,4.733
1.127,1.054,2.180
0.950,7.254,8.205
4.110,5.627,9.737
2.088,3.696,5.784
3.163,9.185,12.348
0.283,9.885,10.168
0.078,6.363,6.441
2.028,6.296,8.324
0.619,2.804,3.423
0.184,0.087,0.271
2.033,5.569,7.603
1.799,7.477,9.276
3.068,0.879,3.947
1.509,7.297,8.806
