0.722,0.552,0.399,0.530,1.000
0.490,0.441,0.216,0.685,1.000
0.587,0.598,0.351,0.743,1.000
0.604,0.272,0.164,0.601,1.000
0.445,0.388,0.173,0.370,1.000
0.443,0.446,0.198,0.154,1.000
0.394,0.456,0.180,0.655,1.000
0.518,0.698,0.361,0.612,1.000
0.665,0.438,0.292,0.712,1.000
0.643,0.290,0.187,0.349,1.000
0.513,0.436,0.224,0.464,1.000
0.592,0.697,0.413,0.719,1.000
0.531,0.605,0.321,0.609,1.000
0.272,0.328,0.089,0.178,1.000
0.487,0.507,0.247,0.397,1.000
0.618,0.490,0.303,0.209,1.000
0.447,0.569,0.254,0.611,1.000
0.338,0.606,0.205,0.584,1.000
0.497,0.641,0.318,0.334,1.000
0.422,0.428,0.181,0.288,1.000
0.739,0.428,0.316,0.672,1.000
0.265,0.565,0.150,0.403,1.000
0.401,0.487,0.195,0.331,1.000
0.699,0.336,0.235,0.730,1.000
0.320,0.456,0.146,0.662,1.000
0.492,0.383,0.189,0.735,1.000
0.552,0.607,0.335,0.801,1.000
0.320,0.597,0.191,0.319,1.000
0.538,0.548,0.294,0.619,1.000
0.435,0.518,0.226,0.673,1.000
0.446,0.456,0.204,0.452,1.000
0.525,0.496,0.260,0.306,1.000
0.631,0.477,0.301,0.479,1.000
0.749,0.306,0.229,0.712,1.000
0.416,0.547,0.228,0.363,1.000
0.771,0.554,0.427,0.466,1.000
0.531,0.630,0.334,0.588,1.000
0.673,0.272,0.183,0.741,1.000
0.886,0.655,0.580,0.624,1.000
0.651,0.326,0.212,0.251,1.000
0.760,0.473,0.359,0.425,1.000
0.547,0.403,0.221,0.494,1.000
0.255,0.409,0.104,0.476,1.000
0.566,0.690,0.391,0.680,1.000
0.450,0.632,0.285,0.229,1.000
0.473,0.231,0.109,0.739,1.000
0.461,0.655,0.302,0.421,1.000
0.419,0.239,0.100,0.311,1.000
0.487,0.563,0.274,0.428,1.000
0.560,0.711,0.398,0.278,1.000
0.447,0.547,0.245,0.467,1.000
0.737,0.643,0.474,0.395,1.000
0.302,0.435,0.131,0.468,1.000
0.404,0.548,0.221,0.680,1.000
0.404,0.413,0.167,0.495,1.000
0.548,0.719,0.394,0.474,1.000
0.554,0.544,0.302,0.180,1.000
0.590,0.465,0.274,0.223,1.000
0.280,0.525,0.147,0.378,1.000
0.682,0.497,0.339,0.250,1.000
0.528,0.650,0.343,0.403,1.000
0.564,0.498,0.281,0.713,1.000
0.848,0.534,0.453,0.797,1.000
0.469,0.357,0.167,0.726,1.000
0.357,0.540,0.193,0.531,1.000
0.686,0.591,0.405,0.265,1.000
0.696,0.264,0.184,0.349,1.000
0.460,0.419,0.193,0.673,1.000
0.487,0.461,0.224,0.463,1.000
0.651,0.566,0.369,0.606,1.000
0.382,0.594,0.227,0.298,1.000
0.692,0.335,0.232,0.445,1.000
0.353,0.597,0.211,0.577,1.000
0.287,0.480,0.138,0.428,1.000
0.582,0.408,0.238,0.271,1.000
0.417,0.551,0.230,0.394,1.000
0.310,0.687,0.213,0.230,1.000
0.458,0.711,0.325,0.320,1.000
0.448,0.589,0.264,0.291,1.000
0.721,0.375,0.270,0.359,1.000
0.429,0.590,0.253,0.323,1.000
0.493,0.666,0.328,0.494,1.000
0.592,0.362,0.214,0.381,1.000
0.200,0.611,0.123,0.286,1.000
0.608,0.398,0.242,0.681,1.000
0.469,0.445,0.209,0.429,1.000
0.663,0.387,0.257,0.912,1.000
0.593,0.504,0.299,0.630,1.000
0.426,0.578,0.246,0.626,1.000
0.475,0.521,0.247,0.382,1.000
0.625,0.421,0.263,0.401,1.000
0.607,0.413,0.251,0.419,1.000
0.487,0.665,0.323,0.555,1.000
0.409,0.201,0.082,0.398,1.000
0.388,0.436,0.169,0.460,1.000
0.375,0.421,0.158,0.805,1.000
0.615,0.575,0.354,0.200,1.000
0.578,0.349,0.202,0.401,1.000
0.432,0.419,0.181,0.444,1.000
0.373,0.519,0.194,0.378,1.000
0.515,0.217,0.112,0.615,1.000
0.502,0.469,0.235,0.221,1.000
0.399,0.567,0.226,0.700,1.000
0.544,0.260,0.141,0.143,1.000
0.561,0.374,0.210,0.630,1.000
0.613,0.485,0.297,0.376,1.000
0.216,0.251,0.054,0.394,1.000
0.482,0.390,0.188,0.674,1.000
0.489,0.481,0.235,0.609,1.000
0.415,0.584,0.243,0.548,1.000
0.426,0.481,0.205,0.395,1.000
0.303,0.545,0.165,0.524,1.000
0.695,0.383,0.266,0.716,1.000
0.646,0.562,0.363,0.313,1.000
0.373,0.414,0.155,0.496,1.000
0.605,0.463,0.280,0.260,1.000
0.480,0.525,0.252,0.475,1.000
0.306,0.725,0.222,0.168,1.000
0.462,0.591,0.273,0.425,1.000
0.352,0.565,0.199,0.632,1.000
0.350,0.532,0.186,0.691,1.000
0.225,0.824,0.185,0.667,1.000
0.412,0.365,0.150,0.237,1.000
0.400,0.608,0.243,0.421,1.000
0.463,0.424,0.196,0.646,1.000
0.468,0.470,0.220,0.415,1.000
0.614,0.340,0.208,0.443,1.000
0.687,0.370,0.254,0.655,1.000
0.558,0.446,0.249,0.481,1.000
0.346,0.593,0.205,0.674,1.000
0.525,0.668,0.351,0.406,1.000
0.327,0.556,0.182,0.484,1.000
0.569,0.607,0.345,0.513,1.000
0.517,0.471,0.243,0.588,1.000
0.513,0.575,0.295,0.450,1.000
0.428,0.453,0.194,0.605,1.000
0.417,0.538,0.224,0.866,1.000
0.647,0.465,0.301,0.428,1.000
0.456,0.575,0.262,0.669,1.000
0.653,0.355,0.232,0.795,1.000
0.638,0.450,0.287,0.707,1.000
0.549,0.371,0.204,0.563,1.000
0.588,0.234,0.137,0.595,1.000
0.321,0.315,0.101,0.599,1.000
0.435,0.689,0.300,0.424,1.000
0.470,0.483,0.227,0.452,1.000
0.630,0.591,0.373,0.657,1.000
0.398,0.665,0.265,0.386,1.000
0.636,0.452,0.287,0.350,1.000
0.571,0.537,0.307,0.286,1.000
0.562,0.466,0.262,0.422,1.000
0.397,0.380,0.151,0.192,1.000
0.594,0.619,0.368,0.218,1.000
0.473,0.768,0.363,0.649,1.000
0.302,0.480,0.145,0.616,1.000
0.248,0.523,0.130,0.732,1.000
0.480,0.476,0.229,0.434,1.000
0.551,0.447,0.246,0.569,1.000
0.571,0.193,0.110,0.444,1.000
0.402,0.321,0.129,0.650,1.000
0.427,0.441,0.188,0.922,1.000
0.311,0.352,0.110,0.712,1.000
0.610,0.612,0.373,0.736,1.000
0.556,0.339,0.188,0.486,1.000
0.672,0.769,0.517,0.811,1.000
0.518,0.509,0.263,0.218,1.000
0.578,0.544,0.314,0.387,1.000
0.456,0.604,0.276,0.524,1.000
0.545,0.428,0.233,0.249,1.000
0.389,0.542,0.211,0.505,1.000
0.425,0.510,0.217,0.633,1.000
0.420,0.525,0.221,0.542,1.000
0.325,0.487,0.158,0.135,1.000
0.453,0.613,0.278,0.433,1.000
0.552,0.495,0.273,0.620,1.000
0.465,0.471,0.219,0.551,1.000
0.534,0.469,0.250,0.339,1.000
0.691,0.383,0.265,0.830,1.000
0.589,0.678,0.399,0.426,1.000
0.384,0.552,0.212,0.697,1.000
0.443,0.256,0.113,0.319,1.000
0.602,0.537,0.324,0.530,1.000
0.457,0.334,0.153,0.439,1.000
0.537,0.472,0.254,0.687,1.000
0.674,0.552,0.372,0.554,1.000
0.589,0.747,0.440,0.452,1.000
0.483,0.547,0.264,0.571,1.000
0.451,0.493,0.222,0.508,1.000
0.694,0.464,0.322,0.252,1.000
0.506,0.763,0.386,0.445,1.000
0.898,0.258,0.232,0.506,1.000
0.646,0.447,0.289,0.437,1.000
0.543,0.572,0.311,0.524,1.000
0.484,0.503,0.244,0.400,1.000
0.594,0.494,0.293,0.836,1.000
0.477,0.354,0.169,0.504,1.000
0.447,0.350,0.156,0.461,1.000
0.515,0.661,0.340,0.417,1.000
0.473,0.677,0.320,0.620,1.000
0.649,0.508,0.330,0.256,1.000
0.527,0.545,0.287,0.315,1.000
0.526,0.383,0.201,0.572,1.000
0.619,0.468,0.290,0.472,1.000
0.498,0.458,0.228,0.444,1.000
0.393,0.546,0.214,0.421,1.000
0.374,0.542,0.203,0.356,1.000
0.526,0.347,0.182,0.645,1.000
0.572,0.218,0.125,0.490,1.000
0.430,0.525,0.226,0.552,1.000
0.507,0.652,0.331,0.327,1.000
0.399,0.470,0.187,0.523,1.000
0.514,0.554,0.285,0.186,1.000
0.551,0.597,0.329,0.591,1.000
0.184,0.245,0.045,0.552,1.000
0.413,0.452,0.187,0.486,1.000
0.635,0.533,0.338,0.559,1.000
0.690,0.492,0.339,0.588,1.000
0.600,0.475,0.285,0.453,1.000
0.474,0.649,0.308,0.457,1.000
0.490,0.676,0.331,0.670,1.000
0.476,0.704,0.335,0.502,1.000
0.449,0.599,0.269,0.627,1.000
0.464,0.482,0.223,0.548,1.000
0.429,0.627,0.269,0.254,1.000
0.579,0.615,0.356,0.319,1.000
0.464,0.536,0.249,0.455,1.000
0.493,0.457,0.225,0.627,1.000
0.632,0.728,0.460,0.021,1.000
0.473,0.608,0.288,0.585,1.000
0.455,0.309,0.141,0.529,1.000
0.722,0.208,0.150,0.216,1.000
0.334,0.682,0.228,0.620,1.000
0.585,0.560,0.327,0.582,1.000
0.428,0.559,0.240,0.433,1.000
0.444,0.675,0.300,0.481,1.000
0.501,0.393,0.197,0.378,1.000
0.564,0.726,0.410,0.618,1.000
0.278,0.453,0.126,0.480,1.000
0.415,0.573,0.238,0.609,1.000
0.440,0.508,0.224,0.663,1.000
0.297,0.668,0.199,0.678,1.000
0.517,0.536,0.277,0.469,1.000
0.558,0.517,0.288,0.649,1.000
0.430,0.485,0.208,0.620,1.000
0.649,0.580,0.377,0.742,1.000
0.517,0.548,0.283,0.478,1.000
0.515,0.290,0.150,0.344,1.000
0.512,0.433,0.221,0.451,1.000
0.407,0.504,0.205,0.466,1.000
0.399,0.494,0.197,0.602,1.000
0.696,0.345,0.240,0.530,1.000
0.629,0.515,0.324,0.652,1.000
0.568,0.704,0.400,-0.068,1.000
0.572,0.575,0.329,0.689,1.000
0.658,0.384,0.252,0.583,1.000
0.512,0.654,0.335,0.431,1.000
0.415,0.415,0.173,0.348,1.000
0.566,0.435,0.246,0.439,1.000
0.256,0.466,0.119,0.399,1.000
0.333,0.408,0.136,0.389,1.000
0.351,0.407,0.143,0.196,1.000
0.437,0.571,0.249,0.613,1.000
0.502,0.493,0.247,0.587,1.000
0.524,0.568,0.298,0.623,1.000
0.331,0.554,0.183,0.507,1.000
0.754,0.621,0.469,0.501,1.000
0.797,0.625,0.498,0.466,1.000
0.586,0.324,0.190,0.355,1.000
0.488,0.490,0.239,0.442,1.000
0.412,0.393,0.162,0.489,1.000
0.433,0.577,0.250,0.500,1.000
0.653,0.635,0.415,0.182,1.000
0.389,0.409,0.159,0.296,1.000
0.407,0.732,0.298,0.331,1.000
0.648,0.560,0.363,0.567,1.000
0.542,0.635,0.344,0.512,1.000
0.371,0.373,0.138,0.291,1.000
0.593,0.391,0.232,0.598,1.000
0.647,0.551,0.356,0.493,1.000
0.295,0.618,0.182,0.271,1.000
0.638,0.554,0.353,0.330,1.000
0.576,0.559,0.322,0.583,1.000
0.463,0.502,0.232,0.494,1.000
0.408,0.387,0.158,0.544,1.000
0.751,0.654,0.491,0.400,1.000
0.100,0.723,0.072,0.314,1.000
0.552,0.524,0.289,0.499,1.000
0.467,0.699,0.326,0.563,1.000
0.502,0.386,0.194,0.353,1.000
0.365,0.335,0.122,0.614,1.000
0.632,0.428,0.271,0.423,1.000
0.635,0.587,0.373,0.356,1.000
0.590,0.557,0.329,0.301,1.000
0.587,0.474,0.278,0.618,1.000
0.390,0.516,0.201,0.552,1.000
0.491,0.507,0.249,0.780,1.000
0.607,0.695,0.422,0.581,1.000
0.654,0.369,0.242,0.637,1.000
0.477,0.526,0.251,0.217,1.000
0.439,0.451,0.198,0.697,1.000
0.488,0.628,0.306,0.533,1.000
0.526,0.536,0.282,0.510,1.000
0.536,0.482,0.258,0.337,1.000
0.601,0.630,0.378,0.753,1.000
0.404,0.611,0.247,0.364,1.000
0.538,0.403,0.217,0.543,1.000
0.486,0.590,0.287,0.515,1.000
0.455,0.588,0.267,0.543,1.000
0.383,0.546,0.209,0.319,1.000
0.259,0.389,0.101,0.423,1.000
0.687,0.400,0.275,0.545,1.000
0.310,0.767,0.238,0.383,1.000
0.657,0.704,0.462,0.688,1.000
0.581,0.363,0.211,0.553,1.000
0.495,0.379,0.188,0.585,1.000
0.474,0.719,0.341,0.428,1.000
0.633,0.587,0.372,0.670,1.000
0.557,0.649,0.362,0.390,1.000
0.541,0.606,0.328,0.334,1.000
0.724,0.611,0.443,0.329,1.000
0.526,0.809,0.426,0.512,1.000
0.659,0.510,0.336,0.176,1.000
0.576,0.526,0.303,0.507,1.000
0.553,0.338,0.187,0.455,1.000
0.351,0.348,0.122,0.574,1.000
0.369,0.352,0.130,0.565,1.000
0.561,0.424,0.238,0.864,1.000
0.363,0.555,0.202,0.411,1.000
0.384,0.509,0.196,0.640,1.000
0.716,0.405,0.290,0.328,1.000
0.519,0.394,0.205,0.562,1.000
0.762,0.691,0.526,0.520,1.000
0.682,0.509,0.347,0.593,1.000
0.465,0.418,0.194,0.280,1.000
0.641,0.549,0.352,0.571,1.000
0.489,0.479,0.234,0.498,1.000
0.633,0.355,0.225,0.471,1.000
0.638,0.497,0.317,0.395,1.000
0.395,0.405,0.160,0.372,1.000
0.546,0.611,0.333,0.493,1.000
0.386,0.660,0.255,0.692,1.000
0.620,0.605,0.375,0.351,1.000
0.412,0.585,0.241,0.453,1.000
0.691,0.650,0.450,0.579,1.000
0.314,0.523,0.164,0.382,1.000
0.386,0.268,0.104,0.219,1.000
0.438,0.532,0.233,0.454,1.000
0.322,0.495,0.159,0.350,1.000
0.377,0.629,0.237,0.672,1.000
0.198,0.395,0.078,0.283,1.000
0.455,0.488,0.222,0.807,1.000
0.529,0.371,0.196,0.738,1.000
0.506,0.160,0.081,0.389,1.000
0.540,0.485,0.262,0.577,1.000
0.239,0.380,0.091,0.394,1.000
0.576,0.583,0.336,0.561,1.000
0.572,0.787,0.450,0.555,1.000
0.406,0.351,0.143,0.586,1.000
0.439,0.590,0.259,0.656,1.000
0.658,0.584,0.384,0.602,1.000
0.679,0.666,0.452,0.324,1.000
0.517,0.430,0.223,0.496,1.000
0.620,0.426,0.264,0.714,1.000
0.622,0.587,0.365,0.584,1.000
0.445,0.660,0.294,0.389,1.000
0.739,0.509,0.376,0.561,1.000
0.406,0.604,0.245,0.321,1.000
0.647,0.419,0.271,0.558,1.000
0.327,0.583,0.191,0.516,1.000
0.526,0.383,0.202,0.603,1.000
0.296,0.381,0.113,0.316,1.000
0.420,0.297,0.125,0.432,1.000
0.502,0.548,0.275,0.690,1.000
0.428,0.300,0.128,0.486,1.000
0.522,0.525,0.274,0.384,1.000
0.481,0.451,0.217,0.693,1.000
0.459,0.340,0.156,0.433,1.000
0.613,0.227,0.139,0.512,1.000
0.656,0.386,0.254,0.533,1.000
0.466,0.342,0.159,0.592,1.000
0.537,0.519,0.279,0.482,1.000
0.233,0.669,0.156,0.340,1.000
0.251,0.662,0.166,0.655,1.000
0.623,0.508,0.317,0.419,1.000
0.371,0.547,0.203,0.629,1.000
0.428,0.590,0.252,0.372,1.000
0.575,0.564,0.324,0.813,1.000
0.631,0.289,0.183,0.589,1.000
0.317,0.501,0.159,0.650,1.000
0.394,0.522,0.206,0.485,1.000
0.485,0.391,0.189,0.668,1.000
0.671,0.373,0.250,0.535,1.000
0.543,0.641,0.348,0.664,1.000
0.437,0.297,0.130,0.396,1.000
0.623,0.567,0.353,0.302,1.000
0.415,0.412,0.171,0.882,1.000
0.553,0.448,0.247,0.748,1.000
0.387,0.449,0.174,0.263,1.000
0.253,0.525,0.133,0.592,1.000
0.323,0.739,0.239,0.298,1.000
0.563,0.559,0.315,0.414,1.000
0.692,0.722,0.499,0.612,1.000
0.453,0.717,0.325,0.555,1.000
0.477,0.625,0.298,0.454,1.000
0.657,0.673,0.442,0.652,1.000
0.534,0.468,0.250,0.592,1.000
0.582,0.305,0.178,0.480,1.000
0.534,0.409,0.219,0.526,1.000
0.337,0.403,0.136,0.328,1.000
0.562,0.413,0.232,0.407,1.000
0.647,0.418,0.271,0.494,1.000
0.561,0.444,0.249,0.596,1.000
0.387,0.482,0.187,0.821,1.000
0.508,0.679,0.345,0.422,1.000
0.444,0.620,0.275,0.457,1.000
0.499,0.546,0.272,0.551,1.000
0.356,0.448,0.159,0.473,1.000
0.647,0.557,0.361,0.705,1.000
0.552,0.323,0.178,0.412,1.000
0.567,0.605,0.343,0.791,1.000
0.264,0.531,0.140,0.368,1.000
0.637,0.515,0.328,0.298,1.000
0.588,0.374,0.220,0.518,1.000
0.443,0.586,0.260,0.825,1.000
0.316,0.597,0.189,0.094,1.000
0.654,0.483,0.316,0.632,1.000
0.417,0.511,0.213,0.419,1.000
0.307,0.521,0.160,0.392,1.000
0.673,0.598,0.403,0.263,1.000
0.476,0.479,0.228,0.496,1.000
0.402,0.503,0.202,0.507,1.000
0.536,0.390,0.209,0.611,1.000
0.439,0.474,0.208,0.201,1.000
0.415,0.448,0.186,0.659,1.000
0.677,0.619,0.419,0.345,1.000
0.500,0.476,0.238,0.649,1.000
0.444,0.388,0.173,0.532,1.000
0.599,0.332,0.199,0.559,1.000
0.767,0.207,0.158,0.555,1.000
0.626,0.550,0.344,0.512,1.000
0.504,0.555,0.279,0.144,1.000
0.702,0.616,0.433,0.664,1.000
0.630,0.573,0.361,0.520,1.000
0.396,0.622,0.246,0.456,1.000
0.505,0.574,0.290,0.422,1.000
0.276,0.779,0.215,0.667,1.000
0.371,0.464,0.172,0.346,1.000
0.291,0.409,0.119,0.662,1.000
0.467,0.589,0.275,0.765,1.000
0.466,0.377,0.175,0.684,1.000
0.467,0.161,0.075,0.500,1.000
0.472,0.539,0.254,0.335,1.000
0.566,0.453,0.256,0.724,1.000
0.615,0.619,0.381,0.835,1.000
0.707,0.515,0.365,0.547,1.000
0.528,0.242,0.128,0.533,1.000
0.582,0.462,0.269,0.405,1.000
0.571,0.289,0.165,0.645,1.000
0.285,0.312,0.089,0.490,1.000
0.421,0.438,0.184,0.353,1.000
0.338,0.418,0.141,0.675,1.000
0.463,0.265,0.123,0.630,1.000
0.575,0.417,0.240,0.433,1.000
0.487,0.276,0.134,0.420,1.000
0.475,0.552,0.262,0.585,1.000
0.493,0.507,0.250,0.297,1.000
0.569,0.377,0.215,0.483,1.000
0.595,0.654,0.389,0.373,1.000
0.735,0.472,0.347,0.646,1.000
0.571,0.434,0.248,0.454,1.000
0.390,0.373,0.146,0.628,1.000
0.411,0.365,0.150,0.596,1.000
0.565,0.446,0.252,0.552,1.000
0.333,0.660,0.220,0.145,1.000
0.332,0.405,0.134,0.423,1.000
0.512,0.598,0.306,0.601,1.000
0.546,0.798,0.435,0.444,1.000
0.540,0.521,0.281,0.449,1.000
0.658,0.618,0.407,0.176,1.000
0.770,0.831,0.640,0.547,1.000
0.578,0.474,0.274,0.288,1.000
0.517,0.688,0.356,0.691,1.000
0.598,0.278,0.166,0.526,1.000
0.353,0.278,0.098,0.529,1.000
0.589,0.642,0.378,0.271,1.000
0.508,0.376,0.191,0.194,1.000
0.403,0.470,0.190,0.481,1.000
0.595,0.540,0.321,0.606,1.000
0.373,0.544,0.203,0.502,1.000
0.288,0.610,0.176,0.575,1.000
0.470,0.702,0.330,0.454,1.000
0.606,0.601,0.364,0.298,1.000
0.286,0.419,0.120,0.568,1.000
0.414,0.824,0.342,0.694,1.000
0.452,0.486,0.220,0.351,1.000
0.291,0.546,0.159,0.573,1.000
0.409,0.375,0.153,0.686,1.000
0.525,0.600,0.315,0.748,1.000
0.645,0.544,0.351,0.764,1.000
0.323,0.494,0.159,0.529,1.000
0.575,0.461,0.265,0.419,1.000
0.469,0.530,0.249,0.256,1.000
0.516,0.587,0.303,0.904,1.000
0.408,0.678,0.276,0.559,1.000
0.573,0.363,0.208,0.407,1.000
0.418,0.507,0.212,0.274,1.000
0.468,0.590,0.276,0.487,1.000
0.454,0.337,0.153,0.560,1.000
0.514,0.386,0.198,0.729,1.000
0.499,0.581,0.290,0.331,1.000
0.447,0.495,0.222,0.520,1.000
0.466,0.567,0.264,0.505,1.000
0.386,0.596,0.230,0.273,1.000
0.712,0.400,0.285,0.140,1.000
0.627,0.544,0.341,0.616,1.000
0.546,0.544,0.297,0.435,1.000
0.416,0.630,0.262,0.424,1.000
0.470,0.490,0.231,0.604,1.000
0.635,0.424,0.269,0.644,1.000
0.480,0.403,0.194,0.372,1.000
0.379,0.480,0.182,0.516,1.000
0.237,0.484,0.115,0.394,1.000
0.269,0.514,0.138,0.213,1.000
0.349,0.549,0.192,0.343,1.000
0.397,0.519,0.206,0.321,1.000
0.451,0.360,0.162,0.703,1.000
0.652,0.418,0.273,0.724,1.000
0.421,0.454,0.191,0.627,1.000
0.577,0.396,0.229,0.682,1.000
0.601,0.756,0.454,0.675,1.000
0.599,0.589,0.352,0.495,1.000
0.265,0.538,0.143,0.640,1.000
0.397,0.408,0.162,0.483,1.000
0.624,0.592,0.370,0.686,1.000
0.497,0.643,0.320,0.763,1.000
0.610,0.520,0.317,0.207,1.000
0.512,0.688,0.352,0.816,1.000
0.532,0.509,0.271,0.521,1.000
0.451,0.596,0.269,0.455,1.000
0.472,0.332,0.157,0.425,1.000
0.538,0.621,0.334,0.485,1.000
0.361,0.711,0.256,0.323,1.000
0.484,0.485,0.235,0.715,1.000
0.727,0.417,0.303,0.428,1.000
0.394,0.358,0.141,0.774,1.000
0.633,0.657,0.416,0.555,1.000
0.478,0.827,0.395,0.567,1.000
0.388,0.365,0.142,0.722,1.000
0.539,0.346,0.187,0.894,1.000
0.532,0.407,0.217,0.490,1.000
0.481,0.374,0.180,0.735,1.000
0.332,0.283,0.094,0.377,1.000
0.543,0.152,0.083,0.262,1.000
0.539,0.362,0.195,0.701,1.000
0.419,0.563,0.236,0.699,1.000
0.389,0.590,0.229,0.646,1.000
0.506,0.687,0.347,0.380,1.000
0.667,0.479,0.319,0.182,1.000
0.481,0.510,0.245,0.331,1.000
0.503,0.712,0.358,0.364,1.000
0.631,0.611,0.386,0.523,1.000
0.436,0.640,0.279,0.445,1.000
0.713,0.740,0.528,0.637,1.000
0.674,0.473,0.319,0.451,1.000
0.762,0.616,0.470,0.776,1.000
0.185,0.428,0.079,0.311,1.000
0.426,0.342,0.146,0.671,1.000
0.725,0.275,0.199,0.568,1.000
0.461,0.426,0.196,0.431,1.000
0.464,0.615,0.285,0.452,1.000
0.527,0.333,0.175,0.673,1.000
0.521,0.536,0.279,0.588,1.000
0.590,0.612,0.361,0.813,1.000
0.362,0.567,0.205,0.361,1.000
0.417,0.470,0.196,0.398,1.000
0.684,0.542,0.370,0.347,1.000
0.568,0.574,0.326,0.436,1.000
0.412,0.598,0.246,0.771,1.000
0.652,0.601,0.392,0.897,1.000
0.627,0.646,0.405,0.607,1.000
0.382,0.500,0.191,0.382,1.000
0.422,0.584,0.246,0.693,1.000
0.603,0.738,0.445,0.887,1.000
0.517,0.525,0.272,0.332,1.000
0.242,0.595,0.144,0.515,1.000
0.583,0.569,0.332,0.545,1.000
0.387,0.659,0.255,0.467,1.000
0.280,0.581,0.163,0.270,1.000
0.210,0.349,0.073,0.110,1.000
0.429,0.426,0.183,0.651,1.000
0.624,0.331,0.206,0.525,1.000
0.529,0.239,0.127,0.435,1.000
0.594,0.685,0.407,0.410,1.000
0.256,0.359,0.092,0.465,1.000
0.313,0.432,0.135,0.377,1.000
0.444,0.483,0.214,0.342,1.000
0.644,0.595,0.383,0.268,1.000
0.258,0.479,0.124,0.422,1.000
0.310,0.572,0.177,0.129,1.000
0.489,0.452,0.221,0.636,1.000
0.541,0.582,0.315,0.438,1.000
0.343,0.503,0.173,0.373,1.000
0.299,0.441,0.132,0.397,1.000
0.570,0.458,0.261,0.518,1.000
0.420,0.459,0.193,0.574,1.000
0.587,0.550,0.323,0.346,1.000
0.755,0.567,0.428,0.537,1.000
0.548,0.358,0.196,0.287,1.000
0.397,0.241,0.096,0.635,1.000
0.477,0.438,0.209,0.785,1.000
0.695,0.428,0.297,0.561,1.000
0.449,0.504,0.226,0.495,1.000
0.702,0.545,0.383,0.280,1.000
0.466,0.363,0.169,0.745,1.000
0.728,0.307,0.224,0.976,1.000
0.613,0.453,0.277,0.523,1.000
0.309,0.563,0.174,0.281,1.000
0.454,0.490,0.223,0.378,1.000
0.452,0.379,0.171,0.231,1.000
0.571,0.383,0.219,0.417,1.000
0.642,0.272,0.175,0.623,1.000
0.534,0.465,0.248,0.473,1.000
0.562,0.563,0.316,0.566,1.000
0.561,0.412,0.231,0.463,1.000
0.571,0.454,0.259,0.322,1.000
0.231,0.476,0.110,0.538,1.000
0.448,0.567,0.254,0.982,1.000
0.338,0.591,0.200,0.293,1.000
0.445,0.447,0.199,0.564,1.000
0.470,0.630,0.296,0.344,1.000
0.298,0.423,0.126,0.397,1.000
0.690,0.550,0.379,0.326,1.000
0.493,0.434,0.214,0.542,1.000
0.695,0.601,0.418,0.498,1.000
0.735,0.586,0.431,0.524,1.000
0.368,0.385,0.142,0.561,1.000
0.497,0.449,0.223,0.750,1.000
0.529,0.288,0.152,0.452,1.000
0.467,0.263,0.123,0.669,1.000
0.544,0.373,0.203,0.540,1.000
0.481,0.417,0.200,0.264,1.000
0.629,0.558,0.351,0.836,1.000
0.644,0.489,0.315,0.250,1.000
0.776,0.532,0.413,0.531,1.000
0.569,0.284,0.162,0.214,1.000
0.528,0.572,0.302,0.236,1.000
0.525,0.489,0.257,0.238,1.000
0.649,0.541,0.351,0.456,1.000
0.512,0.185,0.095,0.896,1.000
0.611,0.426,0.261,0.295,1.000
0.437,0.594,0.260,0.492,1.000
0.474,0.770,0.365,0.579,1.000
0.591,0.576,0.341,0.508,1.000
0.605,0.323,0.195,0.240,1.000
0.412,0.455,0.188,0.692,1.000
0.366,0.534,0.196,0.367,1.000
0.347,0.675,0.234,0.463,1.000
0.655,0.573,0.375,0.543,1.000
0.621,0.600,0.373,0.513,1.000
0.531,0.555,0.294,0.315,1.000
0.489,0.387,0.189,0.352,1.000
0.470,0.482,0.227,0.980,1.000
0.387,0.469,0.181,0.603,1.000
0.208,0.478,0.099,0.484,1.000
0.590,0.566,0.334,0.668,1.000
0.374,0.501,0.187,0.454,1.000
0.535,0.629,0.337,0.564,1.000
0.397,0.563,0.224,0.446,1.000
0.413,0.569,0.235,0.650,1.000
0.603,0.342,0.206,0.556,1.000
0.542,0.719,0.390,0.837,1.000
0.367,0.385,0.141,0.469,1.000
0.471,0.429,0.202,0.426,1.000
0.663,0.462,0.307,0.754,1.000
0.498,0.456,0.227,0.598,1.000
0.500,0.535,0.267,0.564,1.000
0.546,0.389,0.213,0.238,1.000
0.624,0.401,0.250,0.566,1.000
0.523,0.245,0.128,0.634,1.000
0.548,0.646,0.354,0.776,1.000
0.381,0.556,0.212,0.623,1.000
0.648,0.443,0.287,0.342,1.000
0.770,0.675,0.520,0.609,1.000
0.311,0.731,0.227,0.150,1.000
0.707,0.399,0.282,0.434,1.000
0.483,0.757,0.366,0.387,1.000
0.575,0.591,0.340,0.541,1.000
0.326,0.563,0.183,0.394,1.000
0.477,0.554,0.264,0.580,1.000
0.498,0.515,0.256,0.610,1.000
0.695,0.633,0.440,0.598,1.000
0.553,0.194,0.107,0.779,1.000
0.532,0.732,0.389,0.726,1.000
0.385,0.460,0.177,0.557,1.000
0.407,0.452,0.184,0.105,1.000
0.362,0.755,0.273,0.503,1.000
0.407,0.306,0.124,0.943,1.000
0.439,0.674,0.296,0.575,1.000
0.534,0.730,0.390,0.653,1.000
0.444,0.511,0.227,0.393,1.000
0.771,0.462,0.356,0.233,1.000
0.637,0.571,0.364,0.542,1.000
0.698,0.323,0.225,0.510,1.000
0.476,0.429,0.204,0.390,1.000
0.453,0.495,0.224,0.717,1.000
0.508,0.451,0.229,0.246,1.000
0.558,0.329,0.184,0.747,1.000
0.522,0.402,0.210,0.621,1.000
0.620,0.463,0.287,0.595,1.000
0.586,0.611,0.358,0.443,1.000
0.539,0.529,0.285,0.630,1.000
0.427,0.756,0.323,0.530,1.000
0.566,0.504,0.285,0.648,1.000
0.438,0.385,0.169,0.501,1.000
0.659,0.702,0.462,0.665,1.000
0.452,0.645,0.291,0.765,1.000
0.333,0.551,0.184,0.455,1.000
0.365,0.552,0.201,0.579,1.000
0.314,0.648,0.203,0.531,1.000
0.295,0.625,0.185,0.692,1.000
0.430,0.643,0.277,0.424,1.000
0.345,0.464,0.160,0.733,1.000
0.451,0.746,0.336,0.442,1.000
0.716,0.498,0.357,0.121,1.000
0.582,0.560,0.326,0.496,1.000
0.793,0.444,0.352,0.549,1.000
0.286,0.475,0.136,0.319,1.000
0.174,0.482,0.084,0.563,1.000
0.685,0.708,0.485,0.401,1.000
0.591,0.529,0.312,0.657,1.000
0.503,0.553,0.278,0.303,1.000
0.599,0.460,0.276,0.506,1.000
0.399,0.268,0.107,0.613,1.000
0.401,0.565,0.227,0.275,1.000
0.627,0.501,0.314,0.395,1.000
0.397,0.412,0.163,0.383,1.000
0.425,0.568,0.242,0.738,1.000
0.443,0.439,0.194,0.636,1.000
0.416,0.444,0.185,0.525,1.000
0.544,0.771,0.419,0.376,1.000
0.554,0.452,0.250,0.501,1.000
0.458,0.330,0.151,0.286,1.000
0.638,0.418,0.266,0.472,1.000
0.566,0.538,0.304,0.539,1.000
0.429,0.552,0.237,0.640,1.000
0.245,0.438,0.107,0.655,1.000
0.598,0.443,0.265,0.666,1.000
0.334,0.398,0.133,0.522,1.000
0.284,0.482,0.137,0.140,1.000
0.411,0.779,0.320,1.014,1.000
0.453,0.647,0.293,0.423,1.000
0.621,0.390,0.242,0.348,1.000
0.461,0.630,0.290,0.336,1.000
0.266,0.636,0.169,0.596,1.000
0.573,0.455,0.260,0.588,1.000
0.444,0.401,0.178,0.579,1.000
0.424,0.338,0.143,0.456,1.000
0.447,0.254,0.114,0.444,1.000
0.709,0.752,0.534,0.615,1.000
0.550,0.381,0.210,0.226,1.000
0.497,0.397,0.197,0.696,1.000
0.424,0.716,0.304,0.667,1.000
0.562,0.512,0.288,0.092,1.000
0.587,0.464,0.273,0.465,1.000
0.470,0.671,0.315,0.651,1.000
0.471,0.434,0.204,0.482,1.000
0.623,0.685,0.427,0.417,1.000
0.670,0.542,0.364,0.753,1.000
0.687,0.503,0.346,0.467,1.000
0.615,0.616,0.379,0.719,1.000
0.558,0.484,0.270,0.822,1.000
0.774,0.329,0.255,0.807,1.000
0.683,0.454,0.310,0.406,1.000
0.381,0.383,0.146,0.243,1.000
0.649,0.528,0.343,0.700,1.000
0.778,0.542,0.422,0.247,1.000
0.580,0.556,0.322,0.623,1.000
0.583,0.409,0.239,0.586,1.000
0.360,0.663,0.238,0.520,1.000
0.731,0.457,0.334,0.354,1.000
0.576,0.520,0.299,0.577,1.000
0.788,0.340,0.268,0.576,1.000
0.454,0.424,0.193,0.472,1.000
0.456,0.519,0.236,0.503,1.000
0.620,0.443,0.275,0.247,1.000
0.631,0.540,0.341,0.182,1.000
0.402,0.668,0.269,0.443,1.000
0.447,0.345,0.154,0.511,1.000
0.481,0.576,0.277,0.665,1.000
0.360,0.433,0.156,0.726,1.000
0.384,0.331,0.127,0.532,1.000
0.554,0.448,0.248,0.425,1.000
0.164,0.477,0.078,0.252,1.000
0.590,0.368,0.217,0.422,1.000
0.583,0.327,0.191,0.559,1.000
0.500,0.480,0.240,0.680,1.000
0.533,0.433,0.231,0.739,1.000
0.591,0.480,0.284,0.345,1.000
0.399,0.545,0.218,0.814,1.000
0.579,0.644,0.373,0.474,1.000
0.399,0.566,0.226,0.732,1.000
0.406,0.623,0.253,0.431,1.000
0.430,0.587,0.253,0.768,1.000
0.531,0.558,0.296,0.674,1.000
0.431,0.503,0.217,0.048,1.000
0.537,0.396,0.213,0.743,1.000
0.474,0.345,0.164,0.912,1.000
0.417,0.566,0.236,0.259,1.000
0.434,0.625,0.272,0.642,1.000
0.375,0.646,0.242,0.617,1.000
0.297,0.372,0.110,0.721,1.000
0.602,0.442,0.266,0.690,1.000
0.565,0.362,0.204,0.470,1.000
0.216,0.593,0.128,0.540,1.000
0.679,0.368,0.250,0.531,1.000
0.473,0.409,0.194,0.365,1.000
0.366,0.469,0.171,0.638,1.000
0.516,0.153,0.079,0.451,1.000
0.391,0.550,0.215,0.502,1.000
0.504,0.371,0.187,0.427,1.000
0.729,0.534,0.389,0.441,1.000
0.589,0.563,0.332,0.570,1.000
0.468,0.543,0.254,0.544,1.000
0.761,0.514,0.391,0.157,1.000
0.529,0.442,0.234,0.754,1.000
0.364,0.403,0.147,0.467,1.000
0.493,0.599,0.295,0.330,1.000
0.444,0.377,0.168,0.615,1.000
0.520,0.199,0.103,0.316,1.000
0.560,0.361,0.202,0.593,1.000
0.546,0.451,0.246,0.420,1.000
0.352,0.527,0.186,0.571,1.000
0.552,0.480,0.265,0.386,1.000
0.636,0.319,0.203,0.730,1.000
0.419,0.372,0.156,0.429,1.000
0.568,0.627,0.356,0.541,1.000
0.482,0.702,0.339,0.541,1.000
0.654,0.346,0.227,0.364,1.000
0.591,0.517,0.305,0.236,1.000
0.299,0.549,0.164,-0.079,1.000
0.592,0.493,0.292,0.675,1.000
0.444,0.643,0.286,0.518,1.000
0.508,0.516,0.262,0.413,1.000
0.588,0.671,0.395,0.573,1.000
0.492,0.478,0.235,0.292,1.000
0.470,0.591,0.278,0.773,1.000
0.424,0.581,0.247,0.403,1.000
0.403,0.568,0.229,0.256,1.000
0.634,0.629,0.398,0.611,1.000
0.576,0.612,0.353,0.661,1.000
0.501,0.333,0.167,0.655,1.000
0.594,0.292,0.173,0.243,1.000
0.640,0.444,0.284,0.466,1.000
0.431,0.526,0.226,0.471,1.000
0.347,0.518,0.180,0.849,1.000
0.520,0.362,0.188,0.878,1.000
0.404,0.450,0.182,0.579,1.000
0.505,0.497,0.251,0.454,1.000
0.395,0.477,0.188,0.420,1.000
0.355,0.201,0.071,0.414,1.000
0.626,0.488,0.305,0.244,1.000
0.413,0.641,0.265,0.782,1.000
0.794,0.562,0.446,0.781,1.000
0.641,0.652,0.418,0.523,1.000
0.258,0.434,0.112,0.638,1.000
0.565,0.556,0.314,0.633,1.000
0.779,0.463,0.361,0.343,1.000
0.207,0.772,0.160,0.619,1.000
0.475,0.288,0.137,0.366,1.000
0.271,0.476,0.129,0.429,1.000
0.573,0.250,0.143,0.659,1.000
0.564,0.580,0.327,0.655,1.000
0.377,0.642,0.242,0.514,1.000
0.501,0.474,0.238,0.082,1.000
0.518,0.815,0.422,0.629,1.000
0.435,0.430,0.187,0.542,1.000
0.619,0.700,0.433,0.428,1.000
0.541,0.595,0.322,0.454,1.000
0.680,0.451,0.307,0.382,1.000
0.586,0.446,0.261,0.711,1.000
0.533,0.539,0.287,0.552,1.000
0.492,0.745,0.366,0.538,1.000
0.264,0.559,0.147,0.868,1.000
0.276,0.260,0.072,0.449,1.000
0.542,0.425,0.230,0.465,1.000
0.587,0.760,0.446,0.482,1.000
0.631,0.466,0.294,0.619,1.000
0.481,0.666,0.321,0.497,1.000
0.369,0.667,0.246,0.762,1.000
0.409,0.499,0.204,0.508,1.000
0.590,0.543,0.320,0.585,1.000
0.625,0.327,0.204,0.607,1.000
0.593,0.579,0.343,0.565,1.000
0.458,0.584,0.268,0.376,1.000
0.391,0.634,0.248,0.528,1.000
0.358,0.694,0.249,0.331,1.000
0.671,0.505,0.339,0.578,1.000
0.675,0.579,0.391,0.480,1.000
0.503,0.401,0.202,0.495,1.000
0.531,0.498,0.265,0.483,1.000
0.449,0.529,0.237,0.428,1.000
0.378,0.452,0.171,0.728,1.000
0.493,0.364,0.179,0.262,1.000
0.638,0.328,0.209,0.312,1.000
0.520,0.365,0.190,0.459,1.000
0.610,0.402,0.245,0.620,1.000
0.620,0.730,0.453,0.609,1.000
0.631,0.486,0.307,0.427,1.000
0.503,0.268,0.135,0.546,1.000
0.582,0.630,0.367,0.488,1.000
0.581,0.543,0.315,0.470,1.000
0.603,0.775,0.468,0.551,1.000
0.576,0.497,0.286,0.662,1.000
0.323,0.456,0.147,0.507,1.000
0.698,0.426,0.297,0.713,1.000
0.649,0.456,0.296,0.578,1.000
0.632,0.556,0.352,0.456,1.000
0.587,0.555,0.325,0.240,1.000
0.361,0.460,0.166,0.335,1.000
0.689,0.507,0.349,0.474,1.000
0.430,0.280,0.120,0.486,1.000
0.638,0.486,0.310,0.529,1.000
0.534,0.711,0.380,0.594,1.000
0.484,0.493,0.239,0.356,1.000
0.485,0.435,0.211,0.391,1.000
0.421,0.427,0.180,0.326,1.000
0.429,0.409,0.176,0.548,1.000
0.430,0.371,0.159,0.577,1.000
0.621,0.410,0.255,0.533,1.000
0.481,0.642,0.309,0.525,1.000
0.761,0.544,0.414,0.647,1.000
0.386,0.441,0.170,0.509,1.000
0.269,0.756,0.204,0.532,1.000
0.498,0.341,0.170,0.736,1.000
0.646,0.483,0.313,0.353,1.000
0.487,0.382,0.186,0.462,1.000
0.840,0.734,0.617,0.309,1.000
0.551,0.335,0.185,0.523,1.000
0.548,0.503,0.276,0.734,1.000
0.437,0.302,0.132,0.362,1.000
0.479,0.694,0.332,0.258,1.000
0.552,0.619,0.342,0.737,1.000
0.613,0.414,0.254,0.471,1.000
0.622,0.573,0.356,0.369,1.000
0.526,0.365,0.192,0.758,1.000
0.250,0.471,0.118,0.229,1.000
0.464,0.109,0.051,0.357,1.000
0.412,0.467,0.192,0.329,1.000
0.527,0.512,0.270,0.365,1.000
0.368,0.403,0.148,0.640,1.000
0.496,0.391,0.194,0.257,1.000
0.481,0.524,0.252,0.446,1.000
0.568,0.535,0.304,0.382,1.000
0.468,0.605,0.283,0.540,1.000
0.614,0.511,0.314,0.706,1.000
0.471,0.529,0.249,0.927,1.000
0.453,0.399,0.181,0.627,1.000
0.593,0.395,0.234,0.397,1.000
0.424,0.495,0.210,0.373,1.000
0.424,0.472,0.200,0.616,1.000
0.704,0.432,0.304,0.432,1.000
0.612,0.664,0.406,0.762,1.000
0.632,0.517,0.327,0.477,1.000
0.397,0.509,0.202,0.711,1.000
0.323,0.336,0.108,0.494,1.000
0.733,0.504,0.370,0.352,1.000
0.337,0.360,0.121,0.674,1.000
0.584,0.210,0.123,0.578,1.000
0.615,0.675,0.415,0.710,1.000
0.557,0.536,0.298,0.553,1.000
0.602,0.617,0.372,0.540,1.000
0.404,0.532,0.215,0.315,1.000
0.545,0.436,0.238,0.762,1.000
0.464,0.305,0.141,0.118,1.000
0.773,0.427,0.330,0.686,1.000
0.469,0.546,0.256,0.432,1.000
0.603,0.611,0.368,0.512,1.000
0.470,0.431,0.202,0.239,1.000
0.342,0.289,0.099,0.369,1.000
0.434,0.507,0.220,0.530,1.000
0.490,0.302,0.148,0.582,1.000
0.756,0.442,0.334,0.634,1.000
0.564,0.687,0.388,0.636,1.000
0.403,0.413,0.166,0.442,1.000
0.405,0.502,0.203,0.577,1.000
0.405,0.458,0.186,0.314,1.000
0.503,0.478,0.241,0.214,1.000
0.636,0.548,0.348,0.614,1.000
0.080,0.194,0.015,0.640,1.000
0.595,0.758,0.451,0.211,1.000
0.546,0.612,0.334,0.625,1.000
0.567,0.492,0.279,0.507,1.000
0.465,0.631,0.293,0.497,1.000
0.390,0.502,0.196,0.723,1.000
0.322,0.439,0.141,0.684,1.000
0.634,0.599,0.380,0.419,1.000
0.501,0.398,0.199,0.243,1.000
0.551,0.345,0.190,0.861,1.000
0.703,0.461,0.324,0.488,1.000
0.339,0.583,0.198,0.123,1.000
0.767,0.500,0.383,0.459,1.000
0.533,0.431,0.230,0.554,1.000
0.309,0.437,0.135,0.428,1.000
0.797,0.677,0.540,0.288,1.000
0.494,0.558,0.276,0.446,1.000
0.691,0.493,0.341,0.391,1.000
0.550,0.453,0.249,0.381,1.000
0.327,0.622,0.204,0.455,1.000
0.615,0.542,0.333,0.414,1.000
0.615,0.609,0.374,0.570,1.000
0.540,0.431,0.233,0.809,1.000
0.533,0.653,0.348,0.553,1.000
0.522,0.551,0.288,0.551,1.000
0.683,0.449,0.307,0.644,1.000
0.461,0.584,0.269,0.530,1.000
0.348,0.367,0.128,0.427,1.000
0.644,0.733,0.472,0.410,1.000
0.736,0.412,0.303,0.571,1.000
0.572,0.506,0.289,0.491,1.000
0.634,0.582,0.369,0.572,1.000
0.635,0.510,0.324,0.392,1.000
0.607,0.493,0.299,0.232,1.000
0.444,0.545,0.242,0.513,1.000
0.739,0.252,0.186,0.835,1.000
0.546,0.286,0.156,0.282,1.000
0.524,0.660,0.346,0.634,1.000
0.389,0.507,0.197,0.426,1.000
0.481,0.334,0.160,0.275,1.000
0.551,0.490,0.270,0.705,1.000
0.585,0.405,0.237,0.696,1.000
0.517,0.460,0.238,0.292,1.000
0.453,0.437,0.198,0.556,1.000
0.369,0.380,0.140,0.686,1.000
0.687,0.360,0.247,0.646,1.000
0.433,0.617,0.267,0.532,1.000
0.267,0.226,0.060,0.425,1.000
0.719,0.762,0.549,0.414,1.000
0.449,0.318,0.143,0.538,1.000
0.480,0.490,0.235,0.780,1.000
0.582,0.823,0.479,0.292,1.000
0.406,0.620,0.252,0.318,1.000
0.702,0.421,0.295,0.542,1.000
0.512,0.260,0.133,0.730,1.000
0.692,0.424,0.293,0.334,1.000
0.437,0.338,0.148,0.272,1.000
0.615,0.429,0.263,0.409,1.000
0.700,0.446,0.313,0.569,1.000
0.464,0.420,0.195,0.196,1.000
0.430,0.443,0.190,0.438,1.000
0.633,0.469,0.297,0.389,1.000
0.422,0.486,0.205,0.512,1.000
0.399,0.635,0.253,0.483,1.000
0.530,0.411,0.218,0.532,1.000
0.236,0.558,0.131,0.652,1.000
0.713,0.667,0.476,0.571,1.000
0.539,0.721,0.388,0.286,1.000
0.506,0.581,0.294,0.457,1.000
0.550,0.547,0.301,0.570,1.000
0.583,0.489,0.285,0.656,1.000
0.569,0.424,0.241,0.587,1.000
0.422,0.311,0.131,0.403,1.000
0.500,0.631,0.316,0.606,1.000
0.529,0.441,0.233,0.390,1.000
0.279,0.632,0.176,0.588,1.000
0.582,0.280,0.163,0.778,1.000
0.501,0.495,0.248,0.480,1.000
0.397,0.155,0.062,0.601,1.000
0.470,0.452,0.213,0.610,1.000
0.372,0.668,0.248,0.480,1.000
0.582,0.658,0.383,0.562,1.000
0.207,0.394,0.082,0.491,1.000
0.440,0.491,0.216,0.713,1.000
0.478,0.429,0.205,0.477,1.000
0.622,0.567,0.353,0.398,1.000
0.426,0.459,0.196,0.705,1.000
0.612,0.583,0.356,0.391,1.000
0.601,0.465,0.280,0.594,1.000
0.659,0.661,0.436,0.829,1.000
0.525,0.471,0.247,0.304,1.000
0.359,0.627,0.225,0.731,1.000
0.598,0.413,0.247,0.460,1.000
0.210,0.587,0.123,0.401,1.000
0.452,0.686,0.310,0.463,1.000
0.577,0.457,0.264,0.459,1.000
0.590,0.168,0.099,0.419,1.000
0.575,0.397,0.228,0.521,1.000
0.415,0.451,0.188,0.695,1.000
0.821,0.380,0.312,0.476,1.000
0.552,0.493,0.272,0.408,1.000
0.421,0.698,0.294,0.256,1.000
0.522,0.518,0.271,0.763,1.000
0.510,0.546,0.278,0.547,1.000
0.437,0.505,0.221,0.486,1.000
0.654,0.432,0.283,0.205,1.000
0.603,0.397,0.239,0.658,1.000
0.438,0.570,0.249,0.431,1.000
0.514,0.463,0.238,0.430,1.000
0.594,0.565,0.336,0.439,1.000
0.383,0.456,0.175,0.561,1.000
0.449,0.393,0.176,0.671,1.000
0.367,0.588,0.216,0.656,1.000
0.576,0.518,0.298,0.338,1.000
0.693,0.413,0.287,0.597,1.000
0.596,0.629,0.374,0.808,1.000
0.522,0.461,0.241,0.406,1.000
0.580,0.579,0.336,0.288,1.000
0.561,0.563,0.316,0.617,1.000
0.290,0.418,0.121,0.632,1.000
0.614,0.603,0.370,0.348,1.000
0.620,0.414,0.256,0.444,1.000
0.572,0.482,0.276,0.659,1.000
0.532,0.329,0.175,0.292,1.000
0.457,0.582,0.266,0.502,1.000
0.234,0.406,0.095,0.249,1.000
0.169,0.554,0.094,0.596,1.000
0.588,0.681,0.401,0.527,1.000
0.434,0.559,0.243,0.330,1.000
0.565,0.430,0.243,0.315,1.000
0.494,0.581,0.287,0.537,1.000
0.287,0.488,0.140,0.660,1.000
0.456,0.779,0.356,0.283,1.000
0.552,0.397,0.219,0.430,1.000
0.669,0.520,0.348,0.685,1.000
0.384,0.640,0.246,0.745,1.000
0.362,0.603,0.219,0.396,1.000
0.519,0.670,0.347,0.424,1.000
0.328,0.542,0.178,0.297,1.000
0.424,0.620,0.263,0.517,1.000
0.627,0.559,0.351,0.677,1.000
0.608,0.524,0.318,0.555,1.000
0.332,0.528,0.175,0.204,1.000
0.662,0.736,0.488,0.793,1.000
0.627,0.673,0.422,0.559,1.000
0.615,0.368,0.226,0.461,1.000
0.495,0.448,0.222,0.347,1.000
0.556,0.240,0.133,0.593,1.000
0.482,0.408,0.197,0.418,1.000
0.564,0.369,0.208,0.612,1.000
0.504,0.541,0.273,0.473,1.000
0.528,0.500,0.264,0.481,1.000
0.607,0.453,0.275,0.276,1.000
0.575,0.390,0.224,0.718,1.000
0.582,0.501,0.291,0.452,1.000
0.449,0.530,0.238,0.547,1.000
0.403,0.481,0.194,0.317,1.000
0.427,0.580,0.248,0.293,1.000
0.587,0.397,0.233,0.455,1.000
0.401,0.611,0.245,0.529,1.000
0.573,0.655,0.375,0.471,1.000
0.554,0.513,0.284,0.441,1.000
0.453,0.564,0.255,0.292,1.000
0.747,0.472,0.352,0.739,1.000
0.588,0.236,0.139,0.526,1.000
0.403,0.435,0.175,0.378,1.000
0.437,0.575,0.252,0.596,1.000
0.270,0.460,0.124,0.565,1.000
0.455,0.433,0.197,0.720,1.000
0.490,0.472,0.231,0.340,1.000
0.553,0.548,0.303,0.447,1.000
0.593,0.603,0.357,0.531,1.000
0.489,0.626,0.306,0.764,1.000
0.459,0.370,0.170,0.909,1.000
0.467,0.617,0.288,0.748,1.000
0.576,0.654,0.377,0.477,1.000
0.520,0.329,0.171,0.561,1.000
0.603,0.617,0.372,0.602,1.000
0.506,0.768,0.389,0.772,1.000
0.612,0.548,0.335,0.480,1.000
0.470,0.514,0.242,0.587,1.000
0.696,0.748,0.521,0.567,1.000
0.649,0.576,0.374,0.225,1.000
0.434,0.540,0.234,0.558,1.000
0.534,0.448,0.239,0.730,1.000
0.490,0.545,0.267,0.453,1.000
0.488,0.409,0.200,0.542,1.000
0.515,0.505,0.260,0.585,1.000
0.551,0.700,0.386,0.549,1.000
0.763,0.380,0.290,0.519,1.000
0.662,0.458,0.303,0.108,1.000
0.584,0.450,0.263,0.729,1.000
0.399,0.309,0.123,0.434,1.000
0.564,0.553,0.311,0.420,1.000
0.576,0.635,0.366,0.350,1.000
0.547,0.483,0.264,0.786,1.000
0.612,0.640,0.392,0.593,1.000
0.360,0.317,0.114,0.488,1.000
0.345,0.555,0.192,0.006,1.000
0.509,0.678,0.345,0.571,1.000
0.686,0.589,0.404,0.843,1.000
0.569,0.512,0.291,0.460,1.000
0.508,0.466,0.237,0.541,1.000
0.468,0.508,0.238,0.073,1.000
0.395,0.614,0.243,0.586,1.000
0.497,0.605,0.300,0.445,1.000
0.547,0.424,0.232,0.684,1.000
0.521,0.717,0.374,0.572,1.000
0.198,0.423,0.084,0.365,1.000
0.394,0.509,0.201,0.456,1.000
0.450,0.688,0.309,0.986,1.000
0.578,0.316,0.182,0.570,1.000
0.517,0.696,0.360,0.588,1.000
0.576,0.430,0.248,0.372,1.000
0.394,0.638,0.252,0.541,1.000
0.716,0.300,0.215,0.659,1.000
0.531,0.443,0.235,0.490,1.000
0.656,0.592,0.388,0.529,1.000
0.563,0.301,0.169,0.760,1.000
0.567,0.462,0.262,0.632,1.000
0.462,0.423,0.195,0.581,1.000
0.400,0.493,0.197,0.414,1.000
0.472,0.406,0.192,0.357,1.000
0.602,0.488,0.294,0.362,1.000
0.498,0.589,0.293,0.467,1.000
0.591,0.312,0.185,0.707,1.000
0.564,0.421,0.238,0.440,1.000
0.478,0.539,0.258,0.493,1.000
0.408,0.536,0.219,0.405,1.000
0.653,0.321,0.210,0.516,1.000
0.521,0.273,0.142,0.128,1.000
0.445,0.438,0.195,0.298,1.000
0.781,0.458,0.358,0.452,1.000
0.400,0.346,0.139,0.668,1.000
0.521,0.532,0.277,0.371,1.000
0.528,0.329,0.174,0.530,1.000
0.470,0.387,0.182,0.351,1.000
0.629,0.601,0.378,0.594,1.000
0.608,0.489,0.297,0.714,1.000
0.426,0.368,0.157,0.761,1.000
0.251,0.571,0.143,0.567,1.000
0.564,0.428,0.241,0.844,1.000
0.680,0.465,0.316,0.237,1.000
0.571,0.415,0.237,0.530,1.000
0.437,0.538,0.235,0.759,1.000
0.339,0.471,0.160,0.575,1.000
0.398,0.474,0.189,0.412,1.000
0.435,0.490,0.213,0.709,1.000
0.412,0.538,0.222,0.686,1.000
0.245,0.564,0.138,0.505,1.000
0.713,0.407,0.290,0.392,1.000
0.607,0.406,0.247,0.568,1.000
0.420,0.576,0.242,0.596,1.000
0.364,0.616,0.224,0.426,1.000
0.598,0.562,0.336,0.517,1.000
0.507,0.587,0.298,0.652,1.000
0.546,0.411,0.225,0.649,1.000
0.653,0.412,0.269,0.371,1.000
0.724,0.648,0.469,0.526,1.000
0.492,0.417,0.205,0.603,1.000
0.653,0.501,0.327,0.446,1.000
0.778,0.457,0.355,0.927,1.000
0.664,0.733,0.486,0.528,1.000
0.515,0.457,0.235,0.843,1.000
0.645,0.561,0.362,0.556,1.000
0.531,0.505,0.268,0.746,1.000
0.546,0.337,0.184,0.140,1.000
0.810,0.425,0.344,0.444,1.000
0.735,0.635,0.467,0.265,1.000
0.534,0.595,0.318,0.548,1.000
0.545,0.535,0.291,0.624,1.000
0.527,0.477,0.251,0.531,1.000
0.419,0.260,0.109,0.392,1.000
0.401,0.592,0.238,0.391,1.000
0.458,0.592,0.271,0.615,1.000
0.617,0.463,0.286,0.726,1.000
0.335,0.554,0.186,0.267,1.000
0.514,0.430,0.221,0.730,1.000
0.442,0.661,0.292,0.447,1.000
0.387,0.666,0.258,0.549,1.000
0.531,0.453,0.240,0.565,1.000
0.648,0.568,0.368,0.457,1.000
0.638,0.449,0.287,0.711,1.000
0.419,0.496,0.208,0.435,1.000
0.383,0.304,0.116,0.872,1.000
0.514,0.626,0.322,0.464,1.000
0.506,0.587,0.297,0.158,1.000
0.714,0.582,0.415,0.570,1.000
0.594,0.573,0.341,0.290,1.000
0.563,0.463,0.261,0.657,1.000
0.450,0.532,0.239,0.416,1.000
0.425,0.467,0.198,0.736,1.000
0.571,0.494,0.282,0.355,1.000
0.557,0.413,0.230,0.288,1.000
0.503,0.536,0.270,0.574,1.000
0.433,0.317,0.137,0.475,1.000
0.411,0.551,0.226,0.260,1.000
0.513,0.276,0.142,0.712,1.000
0.698,0.274,0.191,0.496,1.000
0.746,0.618,0.461,0.721,1.000
0.620,0.739,0.458,0.263,1.000
0.586,0.487,0.286,0.910,1.000
0.472,0.347,0.164,0.420,1.000
0.436,0.508,0.222,0.306,1.000
0.643,0.585,0.376,0.551,1.000
0.625,0.601,0.376,0.441,1.000
0.329,0.452,0.149,0.463,1.000
0.465,0.325,0.151,0.512,1.000
0.763,0.582,0.444,0.602,1.000
0.406,0.476,0.193,0.487,1.000
0.618,0.427,0.264,0.773,1.000
0.585,0.461,0.270,0.614,1.000
0.581,0.810,0.471,0.541,1.000
0.543,0.396,0.215,0.484,1.000
0.601,0.478,0.287,0.550,1.000
0.521,0.353,0.184,0.401,1.000
0.743,0.452,0.336,0.365,1.000
0.422,0.440,0.185,0.310,1.000
0.395,0.368,0.145,0.700,1.000
0.423,0.562,0.238,0.369,1.000
0.382,0.508,0.194,0.623,1.000
0.427,0.621,0.265,0.460,1.000
0.489,0.294,0.144,0.566,1.000
0.460,0.428,0.197,0.825,1.000
0.213,0.365,0.078,0.487,1.000
0.567,0.385,0.219,0.918,1.000
0.397,0.755,0.300,0.327,1.000
0.596,0.785,0.468,0.377,1.000
0.453,0.555,0.251,0.550,1.000
0.423,0.638,0.269,0.553,1.000
0.352,0.395,0.139,0.760,1.000
0.572,0.530,0.303,0.533,1.000
0.390,0.670,0.261,0.015,1.000
0.446,0.489,0.218,0.480,1.000
0.560,0.604,0.338,0.614,1.000
0.428,0.605,0.259,0.497,1.000
0.573,0.398,0.228,0.381,1.000
0.425,0.222,0.094,0.663,1.000
0.449,0.372,0.167,0.262,1.000
0.556,0.529,0.294,0.281,1.000
0.667,0.489,0.326,0.403,1.000
0.437,0.551,0.241,0.649,1.000
0.205,0.672,0.138,0.777,1.000
0.512,0.597,0.306,0.663,1.000
0.529,0.689,0.364,0.636,1.000
0.413,0.525,0.217,0.609,1.000
0.426,0.444,0.189,0.643,1.000
0.672,0.705,0.474,0.440,1.000
0.259,0.579,0.150,0.570,1.000
0.511,0.634,0.323,0.540,1.000
0.527,0.443,0.233,0.653,1.000
0.738,0.603,0.445,0.446,1.000
0.496,0.676,0.335,0.718,1.000
0.403,0.474,0.191,0.546,1.000
0.587,0.465,0.273,0.601,1.000
0.709,0.678,0.481,0.218,1.000
0.429,0.760,0.326,0.535,1.000
0.513,0.563,0.289,0.330,1.000
0.488,0.669,0.326,0.415,1.000
0.406,0.543,0.221,0.449,1.000
0.558,0.561,0.313,0.647,1.000
0.409,0.568,0.232,0.506,1.000
0.725,0.325,0.236,0.623,1.000
0.517,0.505,0.261,0.505,1.000
0.545,0.745,0.406,0.465,1.000
0.653,0.502,0.328,0.735,1.000
0.663,0.576,0.382,0.701,1.000
0.642,0.370,0.238,0.493,1.000
0.436,0.478,0.208,0.081,1.000
0.205,0.599,0.123,0.672,1.000
0.473,0.495,0.234,0.569,1.000
0.633,0.449,0.284,0.666,1.000
0.353,0.260,0.092,0.572,1.000
0.592,0.445,0.263,0.261,1.000
0.358,0.515,0.184,0.422,1.000
0.323,0.635,0.205,0.468,1.000
0.378,0.665,0.252,0.319,1.000
0.439,0.365,0.160,0.550,1.000
0.320,0.593,0.190,0.480,1.000
0.601,0.622,0.374,0.561,1.000
0.642,0.489,0.314,0.473,1.000
0.388,0.454,0.176,0.456,1.000
0.419,0.346,0.145,0.432,1.000
0.550,0.439,0.242,0.691,1.000
0.431,0.378,0.163,0.458,1.000
0.610,0.402,0.245,0.409,1.000
0.303,0.470,0.142,0.567,1.000
0.666,0.302,0.201,0.274,1.000
0.597,0.611,0.365,0.571,1.000
0.345,0.307,0.106,0.308,1.000
0.568,0.311,0.177,0.701,1.000
0.385,0.497,0.191,0.368,1.000
0.379,0.478,0.181,0.578,1.000
0.381,0.557,0.212,0.901,1.000
0.199,0.651,0.130,0.504,1.000
0.631,0.263,0.166,0.267,1.000
0.523,0.599,0.313,0.509,1.000
0.547,0.382,0.209,0.556,1.000
0.473,0.448,0.212,0.521,1.000
0.519,0.271,0.140,0.521,1.000
0.667,0.546,0.364,0.440,1.000
0.644,0.612,0.394,0.689,1.000
0.559,0.457,0.255,0.581,1.000
0.427,0.330,0.141,-0.077,1.000
0.428,0.291,0.125,0.407,1.000
0.532,0.366,0.195,0.497,1.000
0.767,0.340,0.261,0.634,1.000
0.450,0.425,0.192,0.501,1.000
0.740,0.392,0.290,0.807,1.000
0.632,0.214,0.136,0.449,1.000
0.463,0.559,0.259,0.629,1.000
0.578,0.559,0.323,0.578,1.000
0.415,0.594,0.247,0.789,1.000
0.482,0.678,0.326,0.219,1.000
0.563,0.608,0.343,0.430,1.000
0.444,0.461,0.205,0.390,1.000
0.411,0.503,0.207,0.367,1.000
0.248,0.506,0.126,0.687,1.000
0.715,0.559,0.400,0.391,1.000
0.357,0.489,0.175,0.448,1.000
0.258,0.529,0.136,0.541,1.000
0.575,0.698,0.401,0.255,1.000
0.267,0.527,0.141,0.385,1.000
0.624,0.366,0.228,0.460,1.000
0.426,0.568,0.242,0.625,1.000
0.476,0.546,0.260,0.155,1.000
0.407,0.606,0.246,0.367,1.000
0.303,0.387,0.118,0.732,1.000
0.473,0.453,0.214,0.719,1.000
0.579,0.602,0.349,0.318,1.000
0.509,0.731,0.372,0.387,1.000
0.633,0.379,0.240,0.495,1.000
0.311,0.343,0.107,0.486,1.000
0.357,0.411,0.147,0.078,1.000
0.542,0.674,0.365,0.342,1.000
0.587,0.565,0.332,0.472,1.000
0.482,0.335,0.161,0.809,1.000
0.535,0.399,0.214,0.635,1.000
0.254,0.409,0.104,0.179,1.000
0.393,0.593,0.233,0.520,1.000
0.417,0.584,0.244,0.519,1.000
0.460,0.531,0.244,0.708,1.000
0.676,0.613,0.414,0.350,1.000
0.489,0.605,0.296,0.583,1.000
0.688,0.430,0.296,0.636,1.000
0.514,0.401,0.206,0.620,1.000
0.615,0.508,0.312,0.438,1.000
0.586,0.640,0.375,0.550,1.000
0.526,0.472,0.249,0.385,1.000
0.461,0.479,0.221,0.467,1.000
0.415,0.458,0.190,0.316,1.000
0.405,0.526,0.213,0.470,1.000
0.493,0.582,0.287,0.723,1.000
0.450,0.571,0.257,0.421,1.000
0.432,0.512,0.221,0.234,1.000
0.572,0.677,0.387,0.368,1.000
0.430,0.485,0.209,0.465,1.000
0.475,0.529,0.251,0.439,1.000
0.339,0.608,0.206,0.680,1.000
0.616,0.398,0.245,0.706,1.000
0.506,0.456,0.231,0.282,1.000
0.708,0.500,0.354,0.364,1.000
0.495,0.645,0.319,0.558,1.000
0.663,0.370,0.246,0.665,1.000
0.542,0.561,0.304,0.378,1.000
0.417,0.630,0.262,0.341,1.000
0.625,0.512,0.320,0.394,1.000
0.407,0.705,0.287,0.818,1.000
0.444,0.521,0.231,0.066,1.000
0.490,0.344,0.169,0.325,1.000
0.649,0.331,0.215,0.260,1.000
0.491,0.517,0.254,0.233,1.000
0.576,0.630,0.363,0.289,1.000
0.750,0.481,0.361,0.494,1.000
0.544,0.474,0.258,0.331,1.000
0.362,0.469,0.170,0.503,1.000
0.674,0.691,0.466,0.580,1.000
0.547,0.570,0.312,0.469,1.000
0.490,0.355,0.174,0.469,1.000
0.426,0.502,0.214,0.144,1.000
0.271,0.538,0.146,0.530,1.000
0.492,0.418,0.205,0.461,1.000
0.579,0.481,0.278,0.617,1.000
0.263,0.685,0.180,0.622,1.000
0.494,0.637,0.315,0.418,1.000
0.469,0.625,0.293,0.707,1.000
0.588,0.468,0.275,0.734,1.000
0.429,0.445,0.191,0.516,1.000
0.757,0.407,0.308,0.784,1.000
0.644,0.266,0.171,0.298,1.000
0.476,0.413,0.197,0.663,1.000
0.466,0.626,0.291,0.610,1.000
0.527,0.624,0.329,0.408,1.000
0.549,0.514,0.282,0.304,1.000
0.383,0.478,0.183,0.391,1.000
0.317,0.431,0.137,0.305,1.000
0.732,0.428,0.313,0.280,1.000
0.759,0.572,0.434,0.108,1.000
0.471,0.524,0.246,0.571,1.000
0.432,0.592,0.256,0.296,1.000
0.515,0.445,0.229,0.619,1.000
0.631,0.289,0.183,0.439,1.000
0.486,0.366,0.178,0.508,1.000
0.686,0.513,0.352,0.352,1.000
0.612,0.480,0.294,0.343,1.000
0.404,0.461,0.186,0.360,1.000
0.376,0.533,0.201,0.739,1.000
0.479,0.242,0.116,0.755,1.000
0.555,0.510,0.283,0.436,1.000
0.407,0.555,0.226,0.672,1.000
0.382,0.404,0.154,0.638,1.000
0.297,0.414,0.123,0.414,1.000
0.245,0.779,0.191,0.681,1.000
0.483,0.263,0.127,0.325,1.000
0.317,0.530,0.168,0.347,1.000
0.567,0.356,0.202,0.331,1.000
0.591,0.515,0.305,0.579,1.000
0.398,0.562,0.224,0.556,1.000
0.496,0.560,0.278,0.748,1.000
0.640,0.721,0.461,0.272,1.000
0.690,0.668,0.461,0.428,1.000
0.633,0.623,0.395,0.550,1.000
0.620,0.507,0.314,0.592,1.000
0.319,0.408,0.130,0.534,1.000
0.538,0.577,0.310,0.382,1.000
0.404,0.777,0.314,0.420,1.000
0.402,0.580,0.233,0.450,1.000
0.505,0.404,0.204,0.470,1.000
0.712,0.647,0.461,0.667,1.000
0.615,0.428,0.264,0.400,1.000
0.506,0.669,0.338,0.729,1.000
0.495,0.708,0.351,0.356,1.000
0.664,0.570,0.378,0.497,1.000
0.373,0.594,0.221,0.447,1.000
0.634,0.642,0.407,0.400,1.000
0.410,0.503,0.206,1.012,1.000
0.491,0.581,0.285,0.495,1.000
0.468,0.475,0.222,0.336,1.000
0.528,0.510,0.270,0.363,1.000
0.444,0.840,0.373,0.347,1.000
0.499,0.451,0.225,0.672,1.000
0.429,0.496,0.213,0.292,1.000
0.413,0.606,0.250,0.422,1.000
0.606,0.699,0.424,0.729,1.000
0.489,0.613,0.300,0.577,1.000
0.558,0.605,0.338,0.644,1.000
0.508,0.312,0.158,0.415,1.000
0.740,0.561,0.415,0.634,1.000
0.532,0.642,0.342,0.244,1.000
0.469,0.294,0.138,0.265,1.000
0.269,0.647,0.174,0.362,1.000
0.540,0.456,0.246,0.616,1.000
0.425,0.489,0.208,0.369,1.000
0.340,0.608,0.207,0.412,1.000
0.520,0.587,0.306,0.572,1.000
0.422,0.523,0.221,0.296,1.000
0.441,0.365,0.161,0.692,1.000
0.561,0.598,0.335,0.418,1.000
0.550,0.531,0.292,0.350,1.000
0.395,0.394,0.156,0.538,1.000
0.176,0.537,0.095,0.384,1.000
0.356,0.459,0.164,0.563,1.000
0.566,0.354,0.200,0.605,1.000
0.224,0.460,0.103,0.550,1.000
0.510,0.402,0.205,0.411,1.000
0.449,0.486,0.218,0.575,1.000
0.433,0.360,0.156,0.519,1.000
0.288,0.426,0.123,0.415,1.000
0.421,0.473,0.199,0.701,1.000
0.406,0.544,0.221,0.323,1.000
0.506,0.491,0.248,0.368,1.000
0.569,0.478,0.272,0.458,1.000
0.386,0.657,0.254,0.335,1.000
0.397,0.681,0.270,0.545,1.000
0.315,0.558,0.176,0.623,1.000
0.443,0.496,0.220,0.537,1.000
0.684,0.449,0.307,0.480,1.000
0.662,0.501,0.332,0.409,1.000
0.335,0.594,0.199,0.426,1.000
0.516,0.433,0.224,0.375,1.000
0.704,0.440,0.310,0.680,1.000
0.689,0.480,0.331,0.504,1.000
0.364,0.339,0.123,0.805,1.000
0.681,0.411,0.280,0.798,1.000
0.513,0.246,0.126,0.756,1.000
0.446,0.382,0.170,0.278,1.000
0.499,0.329,0.164,0.301,1.000
0.565,0.496,0.280,0.383,1.000
0.361,0.681,0.246,0.486,1.000
0.234,0.446,0.104,0.619,1.000
0.448,0.633,0.284,0.417,1.000
0.557,0.207,0.115,0.413,1.000
0.498,0.462,0.230,0.502,1.000
0.454,0.420,0.191,0.737,1.000
0.412,0.587,0.242,0.667,1.000
0.584,0.547,0.319,0.490,1.000
0.556,0.621,0.345,0.457,1.000
0.251,0.135,0.034,0.469,1.000
0.387,0.411,0.159,0.381,1.000
0.479,0.424,0.203,0.396,1.000
0.333,0.635,0.212,0.394,1.000
0.554,0.519,0.288,0.455,1.000
0.513,0.513,0.263,0.386,1.000
0.660,0.334,0.220,0.481,1.000
0.364,0.771,0.281,0.953,1.000
0.455,0.421,0.192,0.240,1.000
0.602,0.482,0.290,0.638,1.000
0.435,0.340,0.148,0.542,1.000
0.334,0.418,0.139,0.551,1.000
0.346,0.525,0.182,0.579,1.000
0.509,0.237,0.121,0.568,1.000
0.482,0.546,0.263,0.364,1.000
0.546,0.452,0.247,0.510,1.000
0.375,0.638,0.239,0.769,1.000
0.472,0.415,0.196,0.415,1.000
0.543,0.529,0.287,0.770,1.000
0.612,0.164,0.100,0.532,1.000
0.578,0.679,0.392,0.394,1.000
0.742,0.468,0.347,0.468,1.000
0.442,0.739,0.327,0.824,1.000
0.373,0.562,0.210,0.544,1.000
0.598,0.435,0.260,0.421,1.000
0.397,0.554,0.220,0.064,1.000
0.428,0.564,0.241,0.060,1.000
0.592,0.544,0.322,0.400,1.000
0.603,0.365,0.220,0.633,1.000
0.377,0.532,0.200,0.736,1.000
0.559,0.503,0.281,0.482,1.000
0.666,0.422,0.281,0.521,1.000
0.306,0.364,0.111,0.520,1.000
0.523,0.383,0.200,0.594,1.000
0.423,0.520,0.220,0.485,1.000
0.531,0.304,0.161,0.311,1.000
0.560,0.634,0.355,0.300,1.000
0.436,0.540,0.235,0.540,1.000
0.527,0.464,0.245,0.598,1.000
0.579,0.452,0.262,0.419,1.000
0.587,0.615,0.361,0.595,1.000
0.557,0.439,0.245,0.664,1.000
0.575,0.310,0.178,0.693,1.000
0.114,0.515,0.058,0.542,1.000
0.460,0.717,0.330,0.526,1.000
0.458,0.531,0.243,0.378,1.000
0.321,0.504,0.162,0.713,1.000
0.346,0.499,0.173,0.599,1.000
0.417,0.578,0.241,0.591,1.000
0.426,0.404,0.172,0.497,1.000
0.467,0.486,0.227,0.580,1.000
0.766,0.353,0.270,0.638,1.000
0.532,0.603,0.321,0.300,1.000
0.799,0.532,0.425,0.409,1.000
0.418,0.437,0.183,0.816,1.000
0.582,0.464,0.271,0.628,1.000
0.447,0.634,0.283,0.422,1.000
0.353,0.456,0.161,0.417,1.000
0.531,0.480,0.255,0.717,1.000
0.555,0.514,0.286,0.319,1.000
0.602,0.522,0.315,0.310,1.000
0.425,0.732,0.311,0.413,1.000
0.519,0.480,0.249,0.414,1.000
0.576,0.517,0.298,0.314,1.000
0.420,0.539,0.226,0.643,1.000
0.596,0.594,0.354,0.563,1.000
0.776,0.661,0.513,0.329,1.000
0.391,0.624,0.244,0.573,1.000
0.496,0.545,0.270,0.198,1.000
0.379,0.500,0.189,0.764,1.000
0.457,0.448,0.205,0.440,1.000
0.487,0.435,0.212,0.518,1.000
0.469,0.618,0.290,0.532,1.000
0.576,0.546,0.314,0.597,1.000
0.535,0.602,0.322,0.609,1.000
0.647,0.538,0.348,0.591,1.000
0.341,0.532,0.181,0.520,1.000
0.410,0.582,0.239,0.471,1.000
0.453,0.327,0.148,0.123,1.000
0.392,0.307,0.120,0.483,1.000
0.477,0.567,0.271,0.344,1.000
0.654,0.385,0.252,0.277,1.000
0.401,0.436,0.175,0.766,1.000
0.373,0.625,0.233,0.556,1.000
0.581,0.608,0.353,0.562,1.000
0.633,0.582,0.369,0.326,1.000
0.382,0.285,0.109,0.303,1.000
0.283,0.504,0.142,0.525,1.000
0.418,0.447,0.187,0.704,1.000
0.393,0.458,0.180,0.486,1.000
0.843,0.442,0.372,0.591,1.000
0.557,0.454,0.253,0.348,1.000
0.496,0.558,0.277,0.712,1.000
0.606,0.481,0.292,0.719,1.000
0.503,0.340,0.171,0.586,1.000
0.556,0.601,0.334,0.533,1.000
0.465,0.660,0.307,0.542,1.000
0.691,0.573,0.396,0.326,1.000
0.612,0.380,0.233,0.721,1.000
0.300,0.371,0.111,0.422,1.000
0.609,0.343,0.209,0.652,1.000
0.682,0.613,0.418,0.426,1.000
0.604,0.543,0.328,0.524,1.000
0.374,0.408,0.152,0.604,1.000
0.428,0.504,0.216,0.579,1.000
0.649,0.658,0.427,0.368,1.000
0.586,0.501,0.294,0.549,1.000
0.843,0.492,0.415,0.535,1.000
0.517,0.524,0.270,0.622,1.000
0.525,0.376,0.197,0.499,1.000
0.533,0.697,0.371,0.825,1.000
0.140,0.543,0.076,0.638,1.000
0.570,0.497,0.283,0.469,1.000
0.560,0.359,0.201,0.450,1.000
0.395,0.571,0.225,0.254,1.000
0.673,0.584,0.393,0.646,1.000
0.625,0.358,0.224,0.333,1.000
0.393,0.453,0.178,0.468,1.000
0.614,0.388,0.238,0.583,1.000
0.345,0.475,0.164,0.284,1.000
0.537,0.388,0.208,0.628,1.000
0.666,0.471,0.314,0.439,1.000
0.535,0.478,0.256,0.590,1.000
0.346,0.452,0.157,0.500,1.000
0.384,0.519,0.199,0.630,1.000
0.603,0.662,0.400,0.378,1.000
0.485,0.488,0.237,0.611,1.000
0.643,0.527,0.339,0.384,1.000
0.340,0.327,0.111,0.461,1.000
0.532,0.562,0.299,0.447,1.000
0.514,0.456,0.234,0.414,1.000
0.567,0.561,0.318,0.418,1.000
0.603,0.380,0.229,0.429,1.000
0.328,0.695,0.228,0.831,1.000
0.453,0.740,0.335,0.702,1.000
0.645,0.500,0.322,0.352,1.000
0.369,0.409,0.151,0.775,1.000
0.508,0.527,0.268,0.622,1.000
0.650,0.480,0.312,0.523,1.000
0.506,0.543,0.275,0.607,1.000
0.499,0.640,0.320,0.478,1.000
0.690,0.731,0.504,0.335,1.000
0.426,0.727,0.310,0.774,1.000
0.322,0.511,0.165,0.742,1.000
0.278,0.753,0.209,0.860,1.000
0.563,0.496,0.279,0.485,1.000
0.672,0.474,0.319,0.671,1.000
0.708,0.442,0.313,0.719,1.000
0.587,0.380,0.223,0.308,1.000
0.472,0.467,0.220,0.644,1.000
0.363,0.505,0.183,0.442,1.000
0.292,0.461,0.135,0.480,1.000
0.464,0.587,0.272,0.426,1.000
0.626,0.391,0.244,0.377,1.000
0.516,0.435,0.224,0.380,1.000
0.687,0.488,0.335,0.618,1.000
0.725,0.353,0.256,0.572,1.000
0.607,0.502,0.305,0.456,1.000
0.457,0.451,0.206,0.476,1.000
0.568,0.409,0.233,0.604,1.000
0.529,0.728,0.385,0.587,1.000
0.746,0.462,0.345,0.362,1.000
0.357,0.722,0.258,0.518,1.000
0.732,0.562,0.412,0.464,1.000
0.555,0.567,0.314,0.488,1.000
0.377,0.424,0.160,0.491,1.000
0.735,0.456,0.335,0.508,1.000
0.585,0.751,0.439,0.519,1.000
0.561,0.504,0.283,0.450,1.000
0.619,0.369,0.229,0.718,1.000
0.534,0.370,0.198,0.396,1.000
0.541,0.459,0.248,0.356,1.000
0.443,0.489,0.217,0.826,1.000
0.331,0.435,0.144,0.485,1.000
0.499,0.685,0.342,0.407,1.000
0.733,0.467,0.342,0.481,1.000
0.653,0.395,0.258,0.595,1.000
0.403,0.434,0.175,0.585,1.000
0.641,0.357,0.229,0.659,1.000
0.207,0.532,0.110,0.593,1.000
0.607,0.514,0.312,0.384,1.000
0.509,0.473,0.241,0.289,1.000
0.376,0.521,0.196,0.746,1.000
0.267,0.456,0.122,0.496,1.000
0.448,0.363,0.163,0.626,1.000
0.563,0.420,0.237,0.214,1.000
0.660,0.616,0.407,0.305,1.000
0.385,0.594,0.229,0.373,1.000
0.284,0.476,0.135,0.543,1.000
0.640,0.363,0.233,0.591,1.000
0.462,0.457,0.211,0.410,1.000
0.393,0.545,0.214,0.397,1.000
0.312,0.289,0.090,0.464,1.000
0.585,0.569,0.333,0.528,1.000
0.524,0.511,0.268,0.586,1.000
0.640,0.481,0.308,0.451,1.000
0.436,0.355,0.155,0.530,1.000
0.651,0.556,0.362,0.664,1.000
0.560,0.454,0.254,0.111,1.000
0.525,0.455,0.239,0.546,1.000
0.493,0.505,0.249,0.516,1.000
0.443,0.262,0.116,0.820,1.000
0.474,0.518,0.246,0.565,1.000
0.656,0.289,0.189,0.235,1.000
0.551,0.520,0.287,0.333,1.000
0.596,0.504,0.300,0.434,1.000
0.367,0.477,0.175,0.421,1.000
0.538,0.532,0.286,0.079,1.000
0.512,0.701,0.359,0.445,1.000
0.587,0.367,0.216,0.702,1.000
0.580,0.372,0.216,0.648,1.000
0.437,0.655,0.286,0.627,1.000
0.546,0.635,0.347,0.473,1.000
0.563,0.372,0.210,0.323,1.000
0.573,0.503,0.288,0.576,1.000
0.620,0.257,0.159,0.639,1.000
0.321,0.510,0.164,0.418,1.000
0.743,0.784,0.582,0.742,1.000
0.410,0.584,0.240,0.503,1.000
0.586,0.585,0.343,0.303,1.000
0.442,0.491,0.217,0.652,1.000
0.540,0.421,0.227,0.512,1.000
0.496,0.289,0.143,0.416,1.000
0.532,0.316,0.168,0.280,1.000
0.418,0.359,0.150,0.569,1.000
0.431,0.207,0.089,0.520,1.000
0.517,0.505,0.261,0.475,1.000
0.530,0.488,0.259,0.722,1.000
0.481,0.602,0.290,0.555,1.000
0.467,0.348,0.162,0.389,1.000
0.249,0.407,0.101,0.502,1.000
0.363,0.307,0.112,0.723,1.000
0.462,0.490,0.226,0.548,1.000
0.349,0.512,0.179,0.831,1.000
0.371,0.398,0.148,0.413,1.000
0.383,0.549,0.210,0.317,1.000
0.572,0.528,0.302,0.867,1.000
0.595,0.457,0.272,0.523,1.000
0.494,0.386,0.191,0.298,1.000
0.632,0.619,0.392,0.451,1.000
0.537,0.447,0.240,0.636,1.000
0.373,0.273,0.102,0.523,1.000
0.610,0.393,0.240,0.365,1.000
0.340,0.449,0.152,0.155,1.000
0.409,0.350,0.143,0.412,1.000
0.520,0.608,0.316,0.569,1.000
0.451,0.721,0.325,0.789,1.000
0.573,0.511,0.293,0.334,1.000
0.566,0.376,0.213,0.437,1.000
0.453,0.569,0.258,0.563,1.000
0.522,0.480,0.251,0.542,1.000
0.522,0.545,0.284,0.480,1.000
0.386,0.444,0.171,0.670,1.000
0.441,0.593,0.261,0.470,1.000
0.494,0.527,0.260,0.064,1.000
0.578,0.628,0.363,0.354,1.000
0.246,0.590,0.145,0.286,1.000
0.325,0.588,0.191,0.633,1.000
0.431,0.405,0.175,0.703,1.000
0.632,0.505,0.319,0.614,1.000
0.341,0.491,0.168,0.551,1.000
0.598,0.501,0.300,0.656,1.000
0.541,0.477,0.258,0.448,1.000
0.542,0.607,0.329,0.789,1.000
0.533,0.500,0.267,0.713,1.000
0.371,0.653,0.242,0.473,1.000
0.388,0.404,0.157,0.524,1.000
0.586,0.298,0.174,0.307,1.000
0.354,0.471,0.167,0.524,1.000
0.565,0.249,0.141,0.630,1.000
0.665,0.540,0.359,0.368,1.000
0.351,0.757,0.266,0.294,1.000
0.598,0.657,0.393,0.439,1.000
0.552,0.625,0.345,0.543,1.000
0.307,0.422,0.129,0.434,1.000
0.354,0.464,0.164,0.342,1.000
0.408,0.777,0.317,0.586,1.000
0.313,0.441,0.138,0.487,1.000
0.332,0.649,0.215,0.864,1.000
0.693,0.480,0.333,0.355,1.000
0.479,0.555,0.266,0.804,1.000
0.391,0.464,0.182,0.477,1.000
0.506,0.591,0.299,0.604,1.000
0.594,0.432,0.257,0.412,1.000
0.537,0.420,0.225,0.373,1.000
0.484,0.469,0.227,0.767,1.000
0.445,0.438,0.195,0.562,1.000
0.563,0.516,0.291,0.278,1.000
0.366,0.561,0.206,0.320,1.000
0.286,0.453,0.129,0.413,1.000
0.608,0.339,0.206,0.555,1.000
0.228,0.249,0.057,0.618,1.000
0.507,0.393,0.199,0.483,1.000
0.433,0.549,0.238,0.657,1.000
0.310,0.423,0.131,0.173,1.000
0.490,0.467,0.229,0.402,1.000
0.591,0.504,0.298,0.498,1.000
0.397,0.489,0.194,0.314,1.000
0.333,0.426,0.142,0.494,1.000
0.671,0.438,0.294,0.639,1.000
0.440,0.621,0.273,0.180,1.000
0.590,0.323,0.190,0.638,1.000
0.451,0.558,0.252,0.507,1.000
0.448,0.340,0.152,0.328,1.000
0.621,0.476,0.296,0.439,1.000
0.468,0.463,0.217,0.607,1.000
0.742,0.492,0.365,0.565,1.000
0.456,0.595,0.271,0.511,1.000
0.707,0.109,0.077,0.732,1.000
0.599,0.490,0.294,0.651,1.000
0.504,0.369,0.186,0.467,1.000
0.421,0.736,0.310,0.487,1.000
0.578,0.394,0.228,0.411,1.000
0.339,0.491,0.167,0.843,1.000
0.566,0.380,0.215,0.716,1.000
0.639,0.196,0.125,0.654,1.000
0.594,0.269,0.160,0.389,1.000
0.867,0.505,0.438,0.599,1.000
0.454,0.431,0.196,0.476,1.000
0.509,0.404,0.206,0.719,1.000
0.313,0.549,0.172,0.655,1.000
0.609,0.612,0.373,0.820,1.000
0.489,0.512,0.250,0.569,1.000
0.491,0.417,0.205,0.378,1.000
0.376,0.435,0.164,0.622,1.000
0.295,0.506,0.149,0.389,1.000
0.455,0.566,0.258,0.563,1.000
0.263,0.486,0.128,0.419,1.000
0.618,0.498,0.308,0.686,1.000
0.486,0.185,0.090,0.453,1.000
0.182,0.630,0.115,0.418,1.000
0.264,0.380,0.100,1.041,1.000
0.620,0.768,0.476,0.740,1.000
0.395,0.398,0.157,0.697,1.000
0.644,0.469,0.302,0.385,1.000
0.515,0.727,0.375,0.383,1.000
0.373,0.724,0.270,0.453,1.000
0.485,0.738,0.358,0.487,1.000
0.598,0.568,0.339,0.417,1.000
0.252,0.481,0.121,0.371,1.000
0.304,0.398,0.121,0.773,1.000
0.397,0.384,0.152,0.456,1.000
0.407,0.448,0.182,0.643,1.000
0.526,0.358,0.188,0.299,1.000
0.616,0.386,0.238,0.516,1.000
0.450,0.713,0.321,0.684,1.000
0.513,0.596,0.305,0.569,1.000
0.353,0.548,0.194,0.562,1.000
0.479,0.332,0.159,0.623,1.000
0.535,0.586,0.314,0.329,1.000
0.670,0.389,0.260,0.559,1.000
0.574,0.503,0.289,0.608,1.000
0.487,0.203,0.099,0.410,1.000
0.486,0.553,0.269,0.341,1.000
0.454,0.601,0.273,0.685,1.000
0.547,0.322,0.176,0.440,1.000
0.457,0.674,0.308,0.759,1.000
0.820,0.417,0.342,0.312,1.000
0.565,0.340,0.192,0.844,1.000
0.522,0.548,0.286,0.708,1.000
0.658,0.553,0.364,0.770,1.000
0.702,0.633,0.444,0.314,1.000
0.553,0.594,0.328,0.292,1.000
0.562,0.618,0.347,0.586,1.000
0.457,0.371,0.170,0.595,1.000
0.732,0.363,0.266,0.516,1.000
0.409,0.366,0.150,0.336,1.000
0.677,0.271,0.184,0.292,1.000
0.537,0.386,0.207,0.270,1.000
0.270,0.632,0.171,0.433,1.000
0.577,0.411,0.237,0.642,1.000
0.434,0.420,0.182,0.400,1.000
0.457,0.428,0.195,0.609,1.000
0.480,0.552,0.265,0.647,1.000
0.711,0.314,0.223,0.344,1.000
0.413,0.593,0.245,0.274,1.000
0.610,0.441,0.269,0.328,1.000
0.596,0.442,0.263,0.352,1.000
0.441,0.647,0.286,0.845,1.000
0.634,0.388,0.246,0.560,1.000
0.455,0.519,0.236,0.484,1.000
0.362,0.636,0.231,0.324,1.000
0.337,0.538,0.182,0.597,1.000
0.480,0.661,0.318,0.328,1.000
0.459,0.463,0.213,0.674,1.000
0.343,0.767,0.263,0.619,1.000
0.493,0.435,0.215,0.673,1.000
0.648,0.717,0.465,0.244,1.000
0.476,0.427,0.203,0.741,1.000
0.387,0.648,0.251,0.716,1.000
0.408,0.546,0.223,0.620,1.000
0.598,0.294,0.176,0.456,1.000
0.662,0.502,0.332,0.502,1.000
0.427,0.576,0.246,0.467,1.000
0.354,0.539,0.191,0.263,1.000
0.589,0.449,0.264,0.527,1.000
0.654,0.492,0.322,0.768,1.000
0.491,0.465,0.229,0.735,1.000
0.270,0.539,0.146,0.208,1.000
0.646,0.379,0.245,0.526,1.000
0.473,0.399,0.189,0.691,1.000
0.537,0.646,0.347,0.650,1.000
0.414,0.339,0.140,0.497,1.000
0.613,0.547,0.335,0.485,1.000
0.545,0.393,0.214,0.493,1.000
0.338,0.350,0.118,0.556,1.000
0.511,0.575,0.294,0.347,1.000
0.514,0.324,0.167,0.364,1.000
0.541,0.676,0.366,0.361,1.000
0.545,0.598,0.326,0.382,1.000
0.765,0.259,0.198,0.601,1.000
0.489,0.199,0.097,0.310,1.000
0.455,0.416,0.189,0.572,1.000
0.635,0.600,0.381,0.599,1.000
0.555,0.596,0.331,0.375,1.000
0.433,0.396,0.171,0.376,1.000
0.593,0.655,0.388,0.654,1.000
0.569,0.381,0.217,0.486,1.000
0.486,0.321,0.156,0.556,1.000
0.655,0.328,0.215,0.272,1.000
0.511,0.333,0.170,0.420,1.000
0.616,0.395,0.243,0.787,1.000
0.517,0.503,0.260,0.387,1.000
0.521,0.266,0.139,0.471,1.000
0.459,0.502,0.230,0.540,1.000
0.344,0.321,0.111,0.772,1.000
0.714,0.590,0.421,0.152,1.000
0.762,0.404,0.308,0.712,1.000
0.455,0.564,0.256,0.496,1.000
0.405,0.332,0.134,0.548,1.000
0.416,0.498,0.207,0.690,1.000
0.725,0.423,0.307,0.621,1.000
0.441,0.454,0.200,0.313,1.000
0.560,0.607,0.340,0.747,1.000
0.510,0.612,0.312,0.730,1.000
0.411,0.417,0.171,0.287,1.000
0.081,0.437,0.035,0.339,1.000
0.287,0.687,0.197,0.338,1.000
0.608,0.737,0.448,0.446,1.000
0.392,0.246,0.096,0.953,1.000
0.794,0.667,0.529,0.429,1.000
0.643,0.451,0.290,0.481,1.000
0.476,0.601,0.286,0.314,1.000
0.619,0.471,0.291,0.736,1.000
0.375,0.664,0.249,0.146,1.000
0.380,0.371,0.141,0.211,1.000
0.384,0.470,0.180,0.333,1.000
0.598,0.541,0.324,0.466,1.000
0.793,0.559,0.443,0.345,1.000
0.567,0.479,0.272,0.152,1.000
0.686,0.318,0.218,0.417,1.000
0.525,0.382,0.200,0.593,1.000
0.587,0.566,0.332,0.378,1.000
0.395,0.507,0.200,0.583,1.000
0.440,0.480,0.211,0.779,1.000
0.629,0.422,0.265,0.324,1.000
0.512,0.576,0.295,0.596,1.000
0.533,0.534,0.285,0.250,1.000
0.872,0.400,0.349,0.582,1.000
0.491,0.404,0.199,0.597,1.000
0.561,0.631,0.354,0.291,1.000
0.550,0.655,0.360,0.512,1.000
0.399,0.405,0.162,0.372,1.000
0.537,0.610,0.328,0.384,1.000
0.473,0.699,0.331,0.584,1.000
0.387,0.467,0.181,0.837,1.000
0.509,0.646,0.329,0.583,1.000
0.484,0.572,0.277,0.716,1.000
0.336,0.475,0.159,0.356,1.000
0.377,0.221,0.084,0.619,1.000
0.663,0.474,0.314,0.774,1.000
0.469,0.641,0.301,0.529,1.000
0.490,0.357,0.175,0.527,1.000
0.268,0.527,0.141,0.701,1.000
0.699,0.495,0.346,0.500,1.000
0.521,0.195,0.101,0.357,1.000
0.628,0.382,0.240,0.729,1.000
0.506,0.637,0.322,0.223,1.000
0.666,0.262,0.175,0.449,1.000
0.553,0.494,0.273,0.193,1.000
0.712,0.653,0.465,0.508,1.000
0.391,0.342,0.134,0.675,1.000
0.661,0.497,0.329,0.757,1.000
0.567,0.622,0.352,0.321,1.000
0.147,0.568,0.083,0.602,1.000
0.478,0.534,0.255,0.460,1.000
0.728,0.467,0.340,0.336,1.000
0.326,0.418,0.137,0.390,1.000
0.562,0.478,0.269,0.536,1.000
0.716,0.608,0.436,0.241,1.000
0.586,0.492,0.288,0.606,1.000
0.345,0.350,0.121,0.361,1.000
0.567,0.366,0.208,0.717,1.000
0.551,0.623,0.343,0.467,1.000
0.376,0.519,0.195,0.470,1.000
0.410,0.461,0.189,0.521,1.000
0.612,0.587,0.360,0.654,1.000
0.417,0.624,0.260,0.596,1.000
0.599,0.439,0.263,0.585,1.000
0.434,0.632,0.274,0.574,1.000
0.584,0.226,0.132,0.425,1.000
0.821,0.540,0.443,0.296,1.000
0.506,0.456,0.231,0.689,1.000
0.449,0.612,0.274,0.749,1.000
0.647,0.683,0.442,0.436,1.000
0.632,0.327,0.206,0.685,1.000
0.289,0.514,0.148,0.155,1.000
0.514,0.588,0.303,0.442,1.000
0.413,0.592,0.245,0.251,1.000
0.507,0.644,0.326,0.761,1.000
0.278,0.685,0.191,0.389,1.000
0.555,0.554,0.308,0.688,1.000
0.437,0.468,0.204,0.495,1.000
0.386,0.439,0.169,0.435,1.000
0.538,0.573,0.309,0.663,1.000
0.436,0.468,0.204,0.496,1.000
0.656,0.283,0.186,0.452,1.000
0.439,0.363,0.160,0.725,1.000
0.535,0.592,0.317,0.574,1.000
0.417,0.511,0.213,0.493,1.000
0.275,0.490,0.135,0.661,1.000
0.556,0.639,0.355,0.697,1.000
0.274,0.578,0.158,0.430,1.000
0.718,0.661,0.475,0.551,1.000
0.530,0.644,0.341,0.442,1.000
0.673,0.654,0.440,0.801,1.000
0.707,0.207,0.146,0.308,1.000
0.429,0.687,0.295,0.405,1.000
0.570,0.663,0.378,0.422,1.000
0.733,0.627,0.460,0.394,1.000
0.462,0.582,0.269,0.273,1.000
0.625,0.372,0.233,0.535,1.000
0.652,0.530,0.345,0.345,1.000
0.505,0.582,0.294,0.416,1.000
0.420,0.300,0.126,0.505,1.000
0.544,0.421,0.229,0.365,1.000
0.121,0.470,0.057,0.378,1.000
0.441,0.448,0.198,0.758,1.000
0.452,0.228,0.103,0.821,1.000
0.543,0.625,0.340,0.511,1.000
0.559,0.366,0.205,0.397,1.000
0.371,0.471,0.175,0.664,1.000
0.465,0.446,0.207,0.298,1.000
0.427,0.281,0.120,0.694,1.000
0.506,0.504,0.255,0.535,1.000
0.559,0.518,0.289,0.506,1.000
0.496,0.461,0.229,0.399,1.000
0.359,0.377,0.136,0.638,1.000
0.484,0.468,0.226,0.587,1.000
0.335,0.773,0.259,0.438,1.000
0.567,0.470,0.267,0.722,1.000
0.422,0.498,0.210,0.291,1.000
0.439,0.536,0.235,0.515,1.000
0.251,0.556,0.140,0.300,1.000
0.274,0.551,0.151,0.748,1.000
0.543,0.435,0.236,0.643,1.000
0.757,0.379,0.287,0.458,1.000
0.655,0.309,0.202,0.471,1.000
0.859,0.618,0.530,0.743,1.000
0.749,0.713,0.534,0.459,1.000
0.522,0.363,0.189,0.310,1.000
0.514,0.768,0.395,0.370,1.000
0.521,0.425,0.221,0.228,1.000
0.329,0.388,0.127,0.278,1.000
0.501,0.343,0.172,0.548,1.000
0.485,0.652,0.317,0.240,1.000
0.405,0.426,0.173,0.385,1.000
0.523,0.451,0.236,0.484,1.000
0.698,0.461,0.322,0.616,1.000
0.459,0.884,0.406,0.410,1.000
0.406,0.515,0.209,0.422,1.000
0.618,0.549,0.340,0.515,1.000
0.305,0.478,0.146,0.451,1.000
0.427,0.377,0.161,0.330,1.000
0.390,0.370,0.145,0.328,1.000
0.545,0.488,0.266,0.551,1.000
0.536,0.492,0.264,0.353,1.000
0.509,0.589,0.300,0.491,1.000
0.183,0.468,0.086,0.762,1.000
0.478,0.575,0.275,0.477,1.000
0.621,0.575,0.357,0.494,1.000
0.593,0.646,0.383,0.581,1.000
0.730,0.578,0.422,0.821,1.000
0.428,0.407,0.174,0.401,1.000
0.430,0.453,0.195,0.436,1.000
0.526,0.589,0.310,0.378,1.000
0.337,0.405,0.136,0.694,1.000
0.415,0.573,0.238,0.403,1.000
0.607,0.597,0.362,0.666,1.000
0.446,0.250,0.111,0.635,1.000
0.559,0.693,0.388,0.540,1.000
0.512,0.268,0.137,0.643,1.000
0.495,0.437,0.216,0.586,1.000
0.528,0.532,0.281,0.359,1.000
0.558,0.714,0.399,0.642,1.000
0.732,0.408,0.298,0.391,1.000
0.623,0.357,0.223,0.503,1.000
0.357,0.687,0.245,0.731,1.000
0.407,0.619,0.252,0.257,1.000
0.494,0.512,0.253,0.464,1.000
0.444,0.440,0.195,0.688,1.000
0.424,0.426,0.181,0.580,1.000
0.359,0.668,0.240,0.503,1.000
0.484,0.516,0.250,0.226,1.000
0.442,0.541,0.239,0.545,1.000
0.401,0.639,0.256,0.232,1.000
0.408,0.440,0.180,0.506,1.000
0.350,0.576,0.202,0.386,1.000
0.698,0.499,0.349,0.461,1.000
0.672,0.457,0.307,0.623,1.000
0.391,0.497,0.194,0.418,1.000
0.355,0.418,0.148,0.417,1.000
0.328,0.695,0.228,0.553,1.000
0.619,0.589,0.365,0.564,1.000
0.726,0.623,0.453,0.815,1.000
0.453,0.246,0.111,0.442,1.000
0.608,0.663,0.403,0.709,1.000
0.629,0.645,0.406,0.301,1.000
0.605,0.636,0.384,0.421,1.000
0.764,0.379,0.290,0.973,1.000
0.477,0.551,0.263,0.390,1.000
0.412,0.455,0.187,0.742,1.000
0.398,0.681,0.271,0.602,1.000
0.450,0.522,0.235,0.666,1.000
0.574,0.285,0.164,0.687,1.000
0.311,0.410,0.128,0.649,1.000
0.365,0.682,0.249,0.056,1.000
0.632,0.323,0.204,0.448,1.000
0.256,0.520,0.133,0.510,1.000
0.653,0.683,0.446,0.639,1.000
0.376,0.465,0.175,0.676,1.000
0.737,0.678,0.500,0.423,1.000
0.553,0.534,0.295,0.570,1.000
0.554,0.294,0.163,0.469,1.000
0.401,0.426,0.171,0.491,1.000
0.404,0.459,0.186,0.562,1.000
0.632,0.376,0.238,0.604,1.000
0.381,0.464,0.177,0.698,1.000
0.711,0.450,0.320,0.705,1.000
0.349,0.724,0.252,0.756,1.000
0.392,0.406,0.159,0.204,1.000
0.538,0.351,0.189,0.671,1.000
0.611,0.395,0.241,0.566,1.000
0.632,0.391,0.248,0.012,1.000
0.391,0.713,0.278,0.542,1.000
0.368,0.706,0.260,0.239,1.000
0.547,0.503,0.275,0.599,1.000
0.545,0.386,0.210,0.353,1.000
0.684,0.586,0.401,0.605,1.000
0.628,0.609,0.383,0.267,1.000
0.559,0.598,0.334,0.383,1.000
0.503,0.593,0.299,0.375,1.000
0.306,0.529,0.162,0.620,1.000
0.350,0.495,0.173,0.396,1.000
0.480,0.523,0.251,0.449,1.000
0.477,0.267,0.127,0.601,1.000
0.279,0.483,0.135,0.476,1.000
0.307,0.320,0.098,0.515,1.000
0.701,0.150,0.105,0.553,1.000
0.542,0.486,0.263,0.347,1.000
0.401,0.456,0.183,0.260,1.000
0.379,0.493,0.187,0.528,1.000
0.608,0.550,0.335,0.308,1.000
0.563,0.274,0.154,0.600,1.000
0.372,0.463,0.172,0.569,1.000
0.736,0.393,0.290,0.504,1.000
0.488,0.610,0.298,0.778,1.000
0.620,0.494,0.306,0.660,1.000
0.576,0.533,0.307,0.571,1.000
0.306,0.724,0.222,0.467,1.000
0.347,0.559,0.194,0.426,1.000
0.470,0.535,0.252,0.531,1.000
0.417,0.445,0.186,0.296,1.000
0.426,0.465,0.198,0.393,1.000
0.472,0.492,0.232,0.615,1.000
0.545,0.434,0.237,0.253,1.000
0.410,0.334,0.137,0.244,1.000
0.683,0.547,0.374,0.850,1.000
0.470,0.650,0.305,0.155,1.000
0.399,0.510,0.204,0.511,1.000
0.518,0.408,0.211,0.480,1.000
0.398,0.467,0.186,0.756,1.000
0.367,0.448,0.164,1.030,1.000
0.637,0.336,0.214,0.430,1.000
0.455,0.435,0.198,0.733,1.000
0.610,0.453,0.276,0.535,1.000
0.394,0.478,0.189,0.165,1.000
0.543,0.421,0.228,0.488,1.000
0.426,0.408,0.174,0.404,1.000
0.429,0.457,0.196,0.530,1.000
0.659,0.425,0.280,0.662,1.000
0.702,0.431,0.302,0.723,1.000
0.535,0.353,0.189,0.483,1.000
0.492,0.609,0.299,0.613,1.000
0.662,0.782,0.518,0.450,1.000
0.395,0.350,0.138,0.633,1.000
0.349,0.608,0.212,0.479,1.000
0.447,0.609,0.273,0.643,1.000
0.495,0.502,0.249,0.474,1.000
0.306,0.536,0.164,0.563,1.000
0.580,0.629,0.364,0.865,1.000
0.475,0.545,0.259,0.597,1.000
0.515,0.500,0.258,0.563,1.000
0.493,0.508,0.250,0.467,1.000
0.575,0.504,0.290,0.868,1.000
0.563,0.407,0.229,0.328,1.000
0.618,0.510,0.315,0.876,1.000
0.227,0.513,0.117,0.669,1.000
0.347,0.546,0.189,0.539,1.000
0.654,0.635,0.416,0.677,1.000
0.313,0.226,0.071,0.608,1.000
0.365,0.530,0.193,0.594,1.000
0.406,0.629,0.256,0.252,1.000
0.417,0.538,0.224,0.401,1.000
0.404,0.340,0.137,0.278,1.000
0.655,0.620,0.406,0.600,1.000
0.573,0.486,0.278,0.407,1.000
0.161,0.474,0.076,0.845,1.000
0.391,0.452,0.177,0.215,1.000
0.389,0.553,0.215,0.566,1.000
0.628,0.280,0.176,0.858,1.000
0.545,0.564,0.308,0.525,1.000
0.447,0.455,0.203,0.530,1.000
0.495,0.487,0.241,0.276,1.000
0.429,0.455,0.195,0.296,1.000
0.414,0.431,0.179,0.363,1.000
0.634,0.504,0.320,0.684,1.000
0.623,0.474,0.295,0.463,1.000
0.457,0.365,0.167,0.467,1.000
0.541,0.493,0.266,0.163,1.000
0.433,0.430,0.186,0.572,1.000
0.556,0.717,0.398,0.695,1.000
0.435,0.376,0.164,0.345,1.000
0.544,0.684,0.372,0.402,1.000
0.552,0.255,0.141,0.470,1.000
0.630,0.455,0.286,0.426,1.000
0.483,0.551,0.266,0.487,1.000
0.549,0.436,0.240,0.560,1.000
0.645,0.580,0.374,0.311,1.000
0.482,0.606,0.292,0.540,1.000
0.524,0.587,0.308,0.337,1.000
0.577,0.330,0.190,0.626,1.000
0.453,0.640,0.290,0.245,1.000
0.395,0.614,0.243,0.385,1.000
0.717,0.234,0.168,0.679,1.000
0.644,0.459,0.296,0.433,1.000
0.514,0.686,0.352,0.596,1.000
0.173,0.439,0.076,0.777,1.000
0.303,0.614,0.186,0.218,1.000
0.602,0.515,0.310,0.762,1.000
0.339,0.631,0.214,0.608,1.000
0.671,0.603,0.404,0.316,1.000
0.408,0.484,0.198,0.398,1.000
0.486,0.566,0.275,0.607,1.000
0.490,0.317,0.155,0.726,1.000
0.549,0.534,0.294,0.431,1.000
0.510,0.515,0.263,0.473,1.000
0.371,0.304,0.113,0.801,1.000
0.305,0.532,0.162,0.381,1.000
0.524,0.512,0.269,0.389,1.000
0.452,0.761,0.344,0.870,1.000
0.277,0.553,0.153,0.491,1.000
0.183,0.406,0.074,0.509,1.000
0.440,0.506,0.222,0.586,1.000
0.471,0.401,0.189,0.522,1.000
0.442,0.542,0.240,0.158,1.000
0.522,0.465,0.243,0.575,1.000
0.664,0.451,0.300,0.379,1.000
0.468,0.603,0.282,0.355,1.000
0.346,0.363,0.126,0.739,1.000
0.388,0.417,0.162,0.637,1.000
0.572,0.560,0.320,0.366,1.000
0.482,0.581,0.280,0.461,1.000
0.471,0.353,0.166,0.747,1.000
0.429,0.474,0.203,0.394,1.000
0.651,0.540,0.351,0.382,1.000
0.578,0.506,0.293,0.295,1.000
0.572,0.408,0.233,0.386,1.000
0.524,0.467,0.245,0.369,1.000
0.515,0.219,0.113,0.482,1.000
0.894,0.559,0.499,0.321,1.000
0.415,0.643,0.267,0.399,1.000
0.654,0.325,0.213,0.638,1.000
0.499,0.595,0.297,0.563,1.000
0.482,0.596,0.287,0.604,1.000
0.622,0.428,0.267,0.567,1.000
0.226,0.409,0.092,0.459,1.000
0.447,0.470,0.210,0.401,1.000
0.364,0.500,0.182,0.549,1.000
0.473,0.464,0.220,0.500,1.000
0.629,0.494,0.310,0.402,1.000
0.583,0.661,0.385,0.751,1.000
0.430,0.643,0.276,0.503,1.000
0.675,0.494,0.333,0.630,1.000
0.674,0.583,0.393,0.461,1.000
0.409,0.534,0.218,0.536,1.000
0.493,0.603,0.298,0.421,1.000
0.442,0.405,0.179,0.561,1.000
0.380,0.326,0.124,0.722,1.000
0.391,0.577,0.226,0.151,1.000
0.522,0.613,0.320,0.398,1.000
0.445,0.473,0.211,0.585,1.000
0.458,0.573,0.262,0.276,1.000
0.505,0.351,0.177,0.262,1.000
0.283,0.524,0.148,0.587,1.000
0.432,0.505,0.218,0.502,1.000
0.626,0.470,0.294,0.455,1.000
0.586,0.438,0.257,0.426,1.000
0.523,0.665,0.348,0.542,1.000
0.497,0.639,0.318,0.625,1.000
0.436,0.381,0.166,0.573,1.000
0.631,0.628,0.396,0.531,1.000
0.502,0.547,0.274,0.809,1.000
0.586,0.349,0.204,0.705,1.000
0.457,0.532,0.243,0.537,1.000
0.670,0.530,0.355,0.528,1.000
0.365,0.492,0.179,0.453,1.000
0.560,0.440,0.246,0.863,1.000
0.415,0.462,0.192,0.370,1.000
0.613,0.619,0.379,0.643,1.000
0.501,0.497,0.249,0.254,1.000
0.381,0.437,0.166,0.466,1.000
0.432,0.686,0.296,0.415,1.000
0.591,0.504,0.298,0.831,1.000
0.567,0.640,0.363,0.582,1.000
0.486,0.593,0.288,0.453,1.000
0.539,0.446,0.241,0.354,1.000
0.597,0.555,0.331,0.449,1.000
0.379,0.395,0.150,0.675,1.000
0.598,0.359,0.215,0.353,1.000
0.473,0.356,0.168,0.698,1.000
0.476,0.316,0.150,0.193,1.000
0.303,0.261,0.079,0.768,1.000
0.418,0.612,0.256,0.617,1.000
0.425,0.241,0.102,0.436,1.000
0.808,0.748,0.604,0.272,1.000
0.402,0.501,0.201,0.693,1.000
0.652,0.316,0.206,0.483,1.000
0.430,0.524,0.225,0.577,1.000
0.541,0.505,0.274,0.897,1.000
0.761,0.491,0.374,0.650,1.000
0.498,0.598,0.298,0.235,1.000
0.645,0.630,0.407,0.493,1.000
0.685,0.603,0.413,0.399,1.000
0.519,0.379,0.197,0.234,1.000
0.774,0.622,0.481,0.562,1.000
0.543,0.791,0.430,0.543,1.000
0.860,0.456,0.392,0.372,1.000
0.822,0.557,0.458,0.586,1.000
0.561,0.675,0.379,0.570,1.000
0.381,0.680,0.259,0.469,1.000
0.575,0.590,0.339,0.495,1.000
0.669,0.235,0.157,0.452,1.000
0.564,0.640,0.361,0.592,1.000
0.561,0.766,0.430,0.446,1.000
0.688,0.605,0.417,0.607,1.000
0.400,0.462,0.185,0.735,1.000
0.738,0.463,0.341,0.058,1.000
0.493,0.579,0.285,0.238,1.000
0.542,0.570,0.308,0.588,1.000
0.398,0.250,0.099,0.453,1.000
0.554,0.520,0.288,0.587,1.000
0.468,0.507,0.237,0.387,1.000
0.595,0.488,0.290,0.346,1.000
0.505,0.257,0.130,0.373,1.000
0.796,0.699,0.556,0.437,1.000
0.344,0.501,0.172,0.563,1.000
0.463,0.242,0.112,0.361,1.000
0.460,0.535,0.246,0.660,1.000
0.580,0.476,0.276,0.712,1.000
0.455,0.401,0.182,0.477,1.000
0.538,0.550,0.296,0.513,1.000
0.569,0.562,0.320,0.903,1.000
0.477,0.386,0.184,0.550,1.000
0.373,0.680,0.254,0.578,1.000
0.603,0.541,0.326,0.538,1.000
0.614,0.141,0.087,0.412,1.000
0.447,0.235,0.105,0.499,1.000
0.430,0.633,0.272,0.577,1.000
0.483,0.472,0.228,0.208,1.000
0.493,0.307,0.152,0.602,1.000
0.510,0.434,0.221,0.654,1.000
0.630,0.463,0.292,0.359,1.000
0.475,0.638,0.303,0.582,1.000
0.503,0.333,0.167,0.551,1.000
0.647,0.726,0.470,0.715,1.000
0.582,0.485,0.282,0.263,1.000
0.374,0.456,0.171,0.781,1.000
0.514,0.454,0.233,0.217,1.000
0.581,0.389,0.226,0.353,1.000
0.604,0.370,0.223,0.162,1.000
0.432,0.531,0.229,0.404,1.000
0.489,0.658,0.322,0.368,1.000
0.311,0.475,0.148,0.478,1.000
0.598,0.649,0.388,0.306,1.000
0.722,0.526,0.379,0.823,1.000
0.550,0.350,0.192,0.342,1.000
0.305,0.782,0.238,0.423,1.000
0.608,0.326,0.198,0.719,1.000
0.356,0.387,0.138,0.660,1.000
0.639,0.425,0.272,0.327,1.000
0.490,0.479,0.235,0.498,1.000
0.516,0.431,0.223,0.397,1.000
0.592,0.503,0.298,0.661,1.000
0.599,0.559,0.335,0.443,1.000
0.589,0.562,0.331,0.495,1.000
0.625,0.507,0.317,0.331,1.000
0.593,0.653,0.387,0.538,1.000
0.357,0.489,0.174,0.512,1.000
0.562,0.814,0.457,0.166,1.000
0.306,0.609,0.186,0.469,1.000
0.378,0.498,0.188,0.696,1.000
0.803,0.604,0.485,0.384,1.000
0.744,0.338,0.252,0.489,1.000
0.580,0.380,0.221,0.679,1.000
0.271,0.467,0.127,0.474,1.000
0.555,0.687,0.381,0.583,1.000
0.396,0.434,0.172,0.554,1.000
0.475,0.464,0.221,0.796,1.000
0.473,0.442,0.209,0.615,1.000
0.530,0.240,0.127,0.577,1.000
0.512,0.561,0.287,0.406,1.000
0.579,0.490,0.284,0.742,1.000
0.700,0.386,0.270,0.513,1.000
0.553,0.532,0.294,0.485,1.000
0.497,0.707,0.351,0.632,1.000
0.425,0.273,0.116,0.559,1.000
0.329,0.795,0.262,0.481,1.000
0.281,0.644,0.181,0.844,1.000
0.451,0.485,0.219,0.800,1.000
0.490,0.296,0.145,0.209,1.000
0.520,0.420,0.219,0.621,1.000
0.397,0.452,0.179,0.532,1.000
0.518,0.682,0.353,0.654,1.000
0.829,0.439,0.364,0.663,1.000
0.306,0.590,0.181,0.665,1.000
0.440,0.388,0.171,0.490,1.000
0.548,0.653,0.358,0.636,1.000
0.360,0.647,0.233,0.487,1.000
0.301,0.656,0.198,0.396,1.000
0.294,0.407,0.119,0.340,1.000
0.377,0.523,0.197,0.614,1.000
0.501,0.699,0.350,0.284,1.000
0.359,0.490,0.176,0.532,1.000
0.277,0.407,0.113,0.498,1.000
0.408,0.665,0.271,0.515,1.000
0.455,0.550,0.250,0.554,1.000
0.713,0.501,0.357,0.147,1.000
0.461,0.532,0.245,0.359,1.000
0.354,0.674,0.238,0.554,1.000
0.458,0.382,0.175,0.517,1.000
0.446,0.554,0.247,0.432,1.000
0.529,0.497,0.263,0.341,1.000
0.773,0.369,0.285,0.374,1.000
0.489,0.616,0.301,0.692,1.000
0.473,0.556,0.263,0.250,1.000
0.453,0.322,0.146,0.454,1.000
0.259,0.492,0.128,0.361,1.000
0.590,0.241,0.142,0.865,1.000
0.436,0.658,0.287,0.506,1.000
0.739,0.580,0.429,0.402,1.000
0.383,0.265,0.102,0.578,1.000
0.567,0.457,0.259,0.433,1.000
0.536,0.524,0.281,0.338,1.000
0.533,0.662,0.353,0.317,1.000
0.414,0.551,0.228,0.668,1.000
0.242,0.453,0.110,0.709,1.000
0.313,0.507,0.158,0.510,1.000
0.394,0.587,0.231,0.506,1.000
0.309,0.547,0.169,0.383,1.000
0.664,0.644,0.428,0.301,1.000
0.503,0.646,0.325,0.486,1.000
0.324,0.318,0.103,0.341,1.000
0.748,0.538,0.403,0.585,1.000
0.646,0.511,0.330,0.540,1.000
0.382,0.506,0.193,0.589,1.000
0.418,0.428,0.179,0.764,1.000
0.431,0.387,0.167,0.402,1.000
0.485,0.446,0.217,0.655,1.000
0.612,0.586,0.358,0.539,1.000
0.687,0.321,0.220,0.584,1.000
0.801,0.562,0.451,0.647,1.000
0.661,0.575,0.380,0.564,1.000
0.501,0.356,0.179,0.541,1.000
0.668,0.534,0.356,0.629,1.000
0.472,0.469,0.222,0.512,1.000
0.359,0.781,0.280,0.721,1.000
0.352,0.503,0.177,0.233,1.000
0.652,0.678,0.442,0.800,1.000
0.438,0.376,0.165,0.633,1.000
0.659,0.260,0.172,0.490,1.000
0.596,0.372,0.222,0.241,1.000
0.343,0.727,0.249,0.371,1.000
0.551,0.353,0.195,0.686,1.000
0.487,0.383,0.186,0.253,1.000
0.427,0.518,0.221,0.545,1.000
0.587,0.484,0.284,0.432,1.000
0.506,0.263,0.133,0.376,1.000
0.526,0.482,0.253,0.462,1.000
0.457,0.605,0.277,0.189,1.000
0.551,0.447,0.247,0.458,1.000
0.487,0.421,0.205,1.031,1.000
0.468,0.620,0.290,0.546,1.000
0.420,0.398,0.167,0.475,1.000
0.542,0.490,0.266,0.188,1.000
0.490,0.507,0.248,0.677,1.000
0.390,0.471,0.184,0.194,1.000
0.506,0.472,0.239,0.658,1.000
0.741,0.654,0.485,0.744,1.000
0.639,0.388,0.248,0.520,1.000
0.405,0.412,0.167,0.560,1.000
0.482,0.396,0.191,0.721,1.000
0.524,0.566,0.296,0.197,1.000
0.478,0.289,0.138,0.766,1.000
0.509,0.486,0.247,0.723,1.000
0.366,0.375,0.137,0.518,1.000
0.433,0.752,0.326,0.616,1.000
0.440,0.412,0.181,0.606,1.000
0.623,0.498,0.311,0.320,1.000
0.376,0.457,0.172,0.280,1.000
0.132,0.299,0.040,0.075,1.000
0.550,0.422,0.232,0.601,1.000
0.357,0.198,0.071,0.974,1.000
0.771,0.308,0.238,0.321,1.000
0.774,0.572,0.443,0.482,1.000
0.255,0.332,0.084,0.233,1.000
0.366,0.317,0.116,0.359,1.000
0.386,0.482,0.186,0.540,1.000
0.487,0.417,0.203,0.402,1.000
0.391,0.543,0.213,0.484,1.000
0.420,0.597,0.251,0.814,1.000
0.563,0.602,0.339,0.360,1.000
0.388,0.465,0.181,0.236,1.000
0.476,0.660,0.314,0.407,1.000
0.429,0.914,0.393,0.411,1.000
0.448,0.529,0.237,0.288,1.000
0.432,0.496,0.214,-0.054,1.000
0.347,0.506,0.176,0.619,1.000
0.490,0.557,0.273,0.589,1.000
0.496,0.567,0.281,0.374,1.000
0.626,0.451,0.282,0.487,1.000
0.527,0.223,0.117,0.929,1.000
0.563,0.532,0.300,0.755,1.000
0.616,0.707,0.435,0.298,1.000
0.467,0.443,0.207,0.663,1.000
0.532,0.609,0.324,0.130,1.000
0.819,0.705,0.577,0.403,1.000
0.541,0.687,0.372,0.594,1.000
0.668,0.555,0.371,0.525,1.000
0.699,0.492,0.344,0.240,1.000
0.465,0.519,0.241,0.071,1.000
0.558,0.472,0.263,0.605,1.000
0.458,0.606,0.278,0.353,1.000
0.482,0.412,0.198,0.149,1.000
0.218,0.105,0.023,0.795,1.000
0.322,0.414,0.133,0.544,1.000
0.645,0.469,0.303,0.518,1.000
0.463,0.346,0.160,0.538,1.000
0.273,0.601,0.164,0.662,1.000
0.270,0.440,0.119,0.490,1.000
0.694,0.654,0.454,0.781,1.000
0.526,0.437,0.230,0.397,1.000
0.613,0.264,0.162,0.263,1.000
0.472,0.497,0.235,0.506,1.000
0.565,0.499,0.282,0.472,1.000
0.481,0.727,0.349,0.415,1.000
0.359,0.875,0.314,0.553,1.000
0.502,0.460,0.231,0.519,1.000
0.659,0.395,0.260,0.763,1.000
0.340,0.403,0.137,0.621,1.000
0.539,0.452,0.244,0.571,1.000
0.543,0.682,0.370,0.481,1.000
0.576,0.419,0.241,0.738,1.000
0.531,0.416,0.221,0.377,1.000
0.403,0.392,0.158,0.532,1.000
0.360,0.346,0.124,0.378,1.000
0.459,0.368,0.169,0.605,1.000
0.602,0.565,0.340,0.531,1.000
0.487,0.559,0.272,0.449,1.000
0.383,0.544,0.208,0.413,1.000
0.650,0.645,0.419,0.456,1.000
0.358,0.629,0.225,0.743,1.000
0.488,0.491,0.240,0.470,1.000
0.470,0.455,0.214,0.648,1.000
0.533,0.530,0.282,0.630,1.000
0.408,0.405,0.166,0.397,1.000
0.560,0.499,0.279,-0.008,1.000
0.511,0.550,0.281,0.687,1.000
0.542,0.342,0.185,0.409,1.000
0.425,0.706,0.300,0.473,1.000
0.668,0.388,0.259,0.494,1.000
0.212,0.428,0.091,0.363,1.000
0.471,0.262,0.123,0.352,1.000
0.666,0.505,0.336,0.354,1.000
0.512,0.581,0.297,0.352,1.000
0.431,0.523,0.226,0.376,1.000
0.318,0.188,0.060,0.437,1.000
0.381,0.557,0.212,0.620,1.000
0.469,0.531,0.249,0.484,1.000
0.474,0.318,0.151,0.621,1.000
0.442,0.501,0.222,0.364,1.000
0.603,0.479,0.289,0.288,1.000
0.476,0.571,0.272,0.467,1.000
0.731,0.628,0.459,0.498,1.000
0.446,0.451,0.201,0.501,1.000
0.472,0.494,0.233,0.488,1.000
0.668,0.460,0.307,0.438,1.000
0.535,0.392,0.210,0.420,1.000
0.626,0.466,0.292,0.169,1.000
0.611,0.597,0.365,0.387,1.000
0.343,0.616,0.211,0.678,1.000
0.427,0.377,0.161,0.160,1.000
0.468,0.587,0.275,0.489,1.000
0.392,0.544,0.213,0.391,1.000
0.537,0.573,0.308,0.294,1.000
0.341,0.516,0.176,0.405,1.000
0.610,0.645,0.393,0.542,1.000
0.481,0.452,0.217,0.488,1.000
0.449,0.440,0.198,0.552,1.000
0.597,0.252,0.151,0.633,1.000
0.483,0.420,0.203,1.079,1.000
0.395,0.479,0.189,0.641,1.000
0.577,0.501,0.289,0.600,1.000
0.595,0.320,0.190,0.522,1.000
0.504,0.633,0.319,0.303,1.000
0.347,0.707,0.246,0.773,1.000
0.560,0.380,0.213,0.728,1.000
0.410,0.536,0.220,0.499,1.000
0.546,0.437,0.238,0.681,1.000
0.395,0.530,0.210,0.587,1.000
0.548,0.792,0.434,0.421,1.000
0.504,0.529,0.266,0.260,1.000
0.644,0.599,0.386,0.541,1.000
0.606,0.637,0.386,0.819,1.000
0.606,0.446,0.270,0.557,1.000
0.431,0.716,0.309,0.543,1.000
0.378,0.301,0.114,0.507,1.000
0.554,0.646,0.358,0.306,1.000
0.415,0.323,0.134,0.504,1.000
0.422,0.612,0.258,0.462,1.000
0.332,0.601,0.199,0.468,1.000
0.376,0.498,0.187,0.538,1.000
0.403,0.426,0.172,0.305,1.000
0.566,0.479,0.271,0.581,1.000
0.669,0.461,0.309,0.465,1.000
0.240,0.483,0.116,0.574,1.000
0.445,0.520,0.231,0.452,1.000
0.367,0.679,0.249,0.435,1.000
0.539,0.437,0.235,0.482,1.000
0.514,0.449,0.231,0.402,1.000
0.600,0.537,0.322,0.498,1.000
0.671,0.452,0.303,0.484,1.000
0.729,0.596,0.434,0.674,1.000
0.593,0.510,0.302,0.367,1.000
0.670,0.463,0.310,0.575,1.000
0.436,0.625,0.272,0.622,1.000
0.579,0.492,0.285,0.700,1.000
0.381,0.729,0.278,0.671,1.000
0.620,0.504,0.313,0.608,1.000
0.465,0.464,0.216,0.660,1.000
0.164,0.445,0.073,0.704,1.000
0.664,0.541,0.359,0.525,1.000
0.364,0.516,0.188,0.588,1.000
0.524,0.577,0.303,0.663,1.000
0.433,0.501,0.217,0.551,1.000
0.735,0.535,0.393,0.436,1.000
0.459,0.558,0.256,0.674,1.000
0.393,0.449,0.176,0.705,1.000
0.621,0.557,0.346,0.606,1.000
0.743,0.468,0.348,0.413,1.000
0.452,0.497,0.225,0.559,1.000
0.608,0.349,0.212,0.433,1.000
0.511,0.443,0.226,0.568,1.000
0.486,0.586,0.285,0.687,1.000
0.429,0.451,0.194,0.403,1.000
0.462,0.426,0.197,0.385,1.000
0.494,0.501,0.247,0.349,1.000
0.357,0.309,0.110,0.591,1.000
0.439,0.446,0.195,0.550,1.000
0.410,0.513,0.210,0.505,1.000
0.778,0.592,0.461,0.654,1.000
0.562,0.599,0.336,0.542,1.000
0.578,0.246,0.142,0.103,1.000
0.446,0.409,0.182,0.269,1.000
0.590,0.605,0.357,0.541,1.000
0.487,0.564,0.275,0.592,1.000
0.509,0.576,0.293,0.666,1.000
0.520,0.692,0.360,0.488,1.000
0.602,0.297,0.179,0.478,1.000
0.286,0.326,0.093,0.371,1.000
0.483,0.573,0.277,0.590,1.000
0.363,0.475,0.172,0.323,1.000
0.646,0.364,0.235,0.595,1.000
0.684,0.732,0.501,0.344,1.000
0.178,0.362,0.064,0.465,1.000
0.490,0.677,0.332,1.020,1.000
0.603,0.342,0.206,0.199,1.000
0.611,0.526,0.321,0.461,1.000
0.675,0.667,0.450,0.352,1.000
0.416,0.332,0.138,0.786,1.000
0.468,0.580,0.272,0.554,1.000
0.389,0.348,0.135,0.585,1.000
0.505,0.679,0.343,0.471,1.000
0.705,0.456,0.321,0.319,1.000
0.485,0.661,0.321,0.532,1.000
0.506,0.438,0.221,0.563,1.000
0.480,0.479,0.230,0.383,1.000
0.734,0.783,0.575,0.682,1.000
0.632,0.574,0.363,0.622,1.000
0.458,0.614,0.281,0.726,1.000
0.442,0.364,0.161,0.532,1.000
0.642,0.443,0.284,0.687,1.000
0.337,0.517,0.174,0.477,1.000
0.489,0.539,0.264,0.396,1.000
0.528,0.548,0.289,0.645,1.000
0.516,0.628,0.324,0.609,1.000
0.396,0.547,0.217,0.680,1.000
0.655,0.296,0.194,0.226,1.000
0.593,0.530,0.314,0.411,1.000
0.601,0.416,0.250,0.422,1.000
0.503,0.553,0.278,0.195,1.000
0.658,0.387,0.255,0.442,1.000
0.635,0.527,0.335,0.567,1.000
0.995,0.733,0.730,0.721,1.000
0.670,0.250,0.167,0.342,1.000
0.398,0.490,0.195,0.227,1.000
0.567,0.574,0.325,0.629,1.000
0.600,0.641,0.384,0.314,1.000
0.787,0.701,0.552,0.278,1.000
0.289,0.431,0.125,0.403,1.000
0.488,0.467,0.228,0.434,1.000
0.660,0.653,0.431,0.634,1.000
0.491,0.531,0.261,0.349,1.000
0.477,0.632,0.302,0.492,1.000
0.804,0.413,0.332,0.555,1.000
0.518,0.316,0.164,0.318,1.000
0.393,0.297,0.117,0.574,1.000
0.653,0.329,0.215,0.610,1.000
0.338,0.543,0.183,0.321,1.000
0.477,0.519,0.247,0.621,1.000
0.316,0.509,0.161,0.505,1.000
0.431,0.348,0.150,0.798,1.000
0.522,0.526,0.275,0.575,1.000
0.588,0.589,0.347,0.812,1.000
0.512,0.661,0.338,0.786,1.000
0.452,0.574,0.259,0.513,1.000
0.327,0.432,0.141,0.573,1.000
0.564,0.501,0.282,0.538,1.000
0.319,0.496,0.158,0.219,1.000
0.560,0.663,0.371,0.605,1.000
0.525,0.621,0.326,0.420,1.000
0.542,0.614,0.333,0.442,1.000
0.618,0.595,0.368,0.285,1.000
0.488,0.586,0.286,0.315,1.000
0.464,0.510,0.237,0.522,1.000
0.352,0.444,0.156,0.349,1.000
0.521,0.471,0.245,0.714,1.000
0.520,0.316,0.164,0.153,1.000
0.631,0.579,0.366,0.266,1.000
0.482,0.602,0.290,0.548,1.000
0.187,0.454,0.085,0.585,1.000
0.450,0.539,0.242,0.775,1.000
0.691,0.403,0.278,0.490,1.000
0.545,0.380,0.207,0.590,1.000
0.489,0.454,0.222,0.166,1.000
0.478,0.477,0.228,0.688,1.000
0.496,0.496,0.246,0.456,1.000
0.508,0.520,0.265,0.309,1.000
0.670,0.484,0.324,0.623,1.000
0.402,0.421,0.170,0.327,1.000
0.475,0.532,0.252,0.587,1.000
0.498,0.453,0.226,0.674,1.000
0.491,0.766,0.376,0.193,1.000
0.391,0.500,0.196,0.514,1.000
0.563,0.548,0.308,0.427,1.000
0.572,0.525,0.301,0.509,1.000
0.688,0.424,0.292,0.671,1.000
0.331,0.492,0.163,0.722,1.000
0.623,0.609,0.379,0.385,1.000
0.600,0.659,0.395,0.376,1.000
0.736,0.490,0.360,0.514,1.000
0.473,0.386,0.182,0.447,1.000
0.187,0.749,0.140,0.358,1.000
0.560,0.348,0.195,0.477,1.000
0.504,0.450,0.227,0.443,1.000
0.617,0.459,0.283,0.433,1.000
0.698,0.596,0.416,0.490,1.000
0.240,0.545,0.131,0.422,1.000
0.434,0.610,0.265,0.426,1.000
0.489,0.617,0.301,0.460,1.000
0.594,0.346,0.206,0.621,1.000
0.379,0.702,0.266,0.636,1.000
0.345,0.318,0.110,0.687,1.000
0.552,0.593,0.328,0.450,1.000
0.502,0.598,0.300,0.341,1.000
0.431,0.604,0.260,0.247,1.000
0.558,0.436,0.244,0.638,1.000
0.246,0.727,0.179,0.456,1.000
0.459,0.372,0.171,0.585,1.000
0.614,0.325,0.199,0.318,1.000
0.406,0.429,0.174,0.519,1.000
0.537,0.437,0.235,0.356,1.000
0.556,0.640,0.356,0.775,1.000
0.362,0.696,0.252,0.585,1.000
0.572,0.672,0.384,0.379,1.000
0.601,0.315,0.190,0.439,1.000
0.783,0.410,0.321,0.217,1.000
0.298,0.719,0.214,0.618,1.000
0.701,0.540,0.379,0.679,1.000
0.603,0.379,0.229,0.623,1.000
0.449,0.608,0.273,0.579,1.000
0.496,0.531,0.263,0.361,1.000
0.645,0.597,0.385,0.627,1.000
0.540,0.550,0.297,0.561,1.000
0.345,0.392,0.135,0.371,1.000
0.539,0.562,0.303,0.427,1.000
0.436,0.217,0.094,0.526,1.000
0.657,0.605,0.397,0.388,1.000
0.531,0.544,0.288,0.535,1.000
0.594,0.392,0.233,0.247,1.000
0.727,0.609,0.443,0.572,1.000
0.468,0.351,0.164,0.459,1.000
0.692,0.685,0.473,0.512,1.000
0.355,0.367,0.130,0.416,1.000
0.725,0.475,0.344,0.311,1.000
0.397,0.423,0.168,0.430,1.000
0.566,0.526,0.297,0.563,1.000
0.603,0.431,0.260,0.595,1.000
0.628,0.318,0.199,0.784,1.000
0.591,0.752,0.444,0.449,1.000
0.559,0.599,0.335,0.632,1.000
0.373,0.656,0.245,0.481,1.000
0.451,0.531,0.240,0.415,1.000
0.464,0.411,0.190,0.303,1.000
0.426,0.397,0.169,0.488,1.000
0.563,0.407,0.229,0.342,1.000
0.657,0.498,0.327,0.673,1.000
0.497,0.495,0.246,0.364,1.000
0.414,0.483,0.200,0.434,1.000
0.516,0.434,0.224,0.275,1.000
0.307,0.547,0.168,0.522,1.000
0.499,0.219,0.109,0.496,1.000
0.448,0.456,0.204,0.337,1.000
0.510,0.458,0.234,0.521,1.000
0.525,0.628,0.330,0.507,1.000
0.598,0.586,0.351,0.510,1.000
0.707,0.507,0.359,0.250,1.000
0.654,0.526,0.344,0.260,1.000
0.796,0.509,0.405,0.615,1.000
0.749,0.445,0.334,-0.120,1.000
0.227,0.504,0.114,0.593,1.000
0.424,0.587,0.249,0.368,1.000
0.564,0.445,0.251,0.455,1.000
0.579,0.387,0.224,0.429,1.000
0.551,0.296,0.163,0.652,1.000
0.589,0.627,0.369,0.758,1.000
0.510,0.346,0.176,0.414,1.000
0.492,0.720,0.354,0.552,1.000
0.756,0.682,0.515,0.331,1.000
0.792,0.409,0.324,0.494,1.000
0.473,0.720,0.340,0.648,1.000
0.686,0.309,0.212,0.640,1.000
0.306,0.410,0.125,0.347,1.000
0.442,0.525,0.232,0.612,1.000
0.451,0.768,0.346,0.515,1.000
0.518,0.412,0.213,0.835,1.000
0.492,0.369,0.182,0.707,1.000
0.505,0.363,0.183,0.673,1.000
0.524,0.480,0.251,0.546,1.000
0.437,0.674,0.295,0.314,1.000
0.545,0.383,0.209,0.344,1.000
0.633,0.414,0.262,0.443,1.000
0.217,0.368,0.080,0.204,1.000
0.452,0.420,0.190,0.295,1.000
0.613,0.631,0.387,0.556,1.000
0.501,0.683,0.342,0.608,1.000
0.465,0.673,0.313,0.473,1.000
0.698,0.588,0.411,0.590,1.000
0.541,0.276,0.149,0.400,1.000
0.395,0.605,0.239,0.489,1.000
0.674,0.599,0.404,0.557,1.000
0.673,0.243,0.164,0.432,1.000
0.201,0.479,0.096,0.507,1.000
0.481,0.740,0.356,0.004,1.000
0.487,0.399,0.194,0.683,1.000
0.442,0.406,0.180,0.544,1.000
0.349,0.699,0.244,0.482,1.000
0.488,0.516,0.252,0.515,1.000
0.559,0.693,0.387,0.182,1.000
0.337,0.547,0.184,0.708,1.000
0.485,0.588,0.285,0.758,1.000
0.612,0.240,0.147,0.648,1.000
0.630,0.579,0.364,0.420,1.000
0.680,0.508,0.345,0.598,1.000
0.722,0.606,0.438,0.563,1.000
0.451,0.509,0.230,0.325,1.000
0.433,0.490,0.212,0.441,1.000
0.702,0.517,0.363,0.622,1.000
0.731,0.717,0.524,0.679,1.000
0.318,0.554,0.176,0.492,1.000
0.531,0.445,0.236,0.479,1.000
0.349,0.517,0.180,0.444,1.000
0.515,0.403,0.207,0.574,1.000
0.396,0.432,0.171,0.579,1.000
0.529,0.566,0.300,0.685,1.000
0.502,0.502,0.252,0.573,1.000
0.601,0.212,0.128,0.523,1.000
0.383,0.692,0.265,0.385,1.000
0.717,0.524,0.376,0.718,1.000
0.464,0.674,0.313,0.661,1.000
0.548,0.298,0.163,0.666,1.000
0.409,0.229,0.094,0.393,1.000
0.288,0.508,0.146,0.334,1.000
0.735,0.555,0.408,0.417,1.000
0.448,0.450,0.202,0.506,1.000
0.605,0.535,0.324,0.165,1.000
0.225,0.543,0.122,0.435,1.000
0.589,0.452,0.266,0.085,1.000
0.300,0.388,0.116,0.272,1.000
0.455,0.563,0.256,0.426,1.000
0.924,0.407,0.376,0.520,1.000
0.531,0.660,0.351,0.316,1.000
0.690,0.342,0.236,0.564,1.000
0.578,0.349,0.202,0.720,1.000
0.449,0.585,0.262,0.591,1.000
0.576,0.521,0.300,0.396,1.000
0.648,0.640,0.415,0.728,1.000
0.633,0.373,0.236,0.632,1.000
0.393,0.635,0.249,0.497,1.000
0.663,0.590,0.391,0.252,1.000
0.436,0.462,0.202,0.562,1.000
0.457,0.546,0.250,0.334,1.000
0.693,0.505,0.350,0.424,1.000
0.552,0.428,0.236,0.438,1.000
0.283,0.259,0.073,0.728,1.000
0.588,0.470,0.276,0.576,1.000
0.421,0.639,0.269,0.297,1.000
0.661,0.522,0.345,0.467,1.000
0.436,0.520,0.227,0.469,1.000
0.387,0.412,0.159,0.539,1.000
0.579,0.359,0.208,0.418,1.000
0.461,0.362,0.167,0.604,1.000
0.541,0.593,0.321,0.390,1.000
0.656,0.482,0.316,0.346,1.000
0.544,0.525,0.285,0.498,1.000
0.410,0.694,0.285,0.087,1.000
0.470,0.533,0.251,0.565,1.000
0.602,0.394,0.237,0.384,1.000
0.580,0.295,0.171,0.277,1.000
0.454,0.547,0.248,0.586,1.000
0.437,0.415,0.181,0.516,1.000
0.327,0.349,0.114,0.383,1.000
0.680,0.534,0.363,0.502,1.000
0.101,0.547,0.055,1.012,1.000
0.486,0.721,0.350,0.412,1.000
0.427,0.346,0.148,0.161,1.000
0.693,0.646,0.448,0.171,1.000
0.432,0.335,0.145,0.602,1.000
0.541,0.569,0.308,0.648,1.000
0.612,0.491,0.301,0.318,1.000
0.495,0.639,0.316,0.820,1.000
0.502,0.525,0.264,0.278,1.000
0.369,0.426,0.157,0.659,1.000
0.629,0.467,0.294,0.712,1.000
0.575,0.621,0.357,0.736,1.000
0.355,0.243,0.086,0.353,1.000
0.661,0.764,0.505,0.487,1.000
0.565,0.566,0.319,0.241,1.000
0.448,0.424,0.190,0.446,1.000
0.555,0.502,0.279,0.656,1.000
0.528,0.472,0.249,0.537,1.000
0.345,0.265,0.092,0.575,1.000
0.599,0.393,0.235,0.554,1.000
0.380,0.357,0.136,0.722,1.000
0.453,0.463,0.210,0.636,1.000
0.425,0.358,0.152,0.575,1.000
0.291,0.581,0.169,0.557,1.000
0.250,0.576,0.144,0.591,1.000
0.703,0.691,0.486,0.500,1.000
0.543,0.441,0.239,0.549,1.000
0.613,0.504,0.309,0.750,1.000
0.372,0.446,0.166,0.595,1.000
0.398,0.490,0.195,0.895,1.000
0.660,0.362,0.239,0.562,1.000
0.633,0.631,0.399,0.442,1.000
0.597,0.469,0.280,0.509,1.000
0.558,0.629,0.351,0.988,1.000
0.553,0.635,0.351,0.117,1.000
0.591,0.476,0.281,0.626,1.000
0.770,0.302,0.232,0.599,1.000
0.428,0.482,0.206,0.886,1.000
0.319,0.403,0.129,0.373,1.000
0.598,0.491,0.293,0.298,1.000
0.543,0.584,0.317,0.597,1.000
0.623,0.520,0.324,0.082,1.000
0.345,0.402,0.139,0.478,1.000
0.486,0.577,0.280,0.379,1.000
0.489,0.391,0.191,0.580,1.000
0.350,0.327,0.114,0.490,1.000
0.764,0.462,0.353,0.533,1.000
0.306,0.268,0.082,0.367,1.000
0.697,0.382,0.266,0.546,1.000
0.580,0.685,0.397,0.323,1.000
0.445,0.166,0.074,0.542,1.000
0.458,0.431,0.198,0.639,1.000
0.506,0.339,0.172,0.379,1.000
0.541,0.565,0.306,-0.047,1.000
0.618,0.546,0.338,0.327,1.000
0.400,0.620,0.248,0.590,1.000
0.602,0.287,0.173,0.568,1.000
0.374,0.466,0.174,0.660,1.000
0.641,0.486,0.312,0.388,1.000
0.633,0.573,0.363,0.191,1.000
0.474,0.564,0.267,0.735,1.000
0.365,0.721,0.263,0.384,1.000
0.500,0.737,0.368,0.439,1.000
0.589,0.639,0.377,0.379,1.000
0.422,0.300,0.127,0.638,1.000
0.533,0.549,0.293,0.613,1.000
0.619,0.495,0.306,0.658,1.000
0.492,0.622,0.306,0.254,1.000
0.542,0.367,0.199,0.398,1.000
0.439,0.560,0.246,0.413,1.000
0.514,0.381,0.196,0.575,1.000
0.716,0.453,0.324,0.619,1.000
0.720,0.554,0.399,0.784,1.000
0.555,0.342,0.190,0.470,1.000
0.469,0.674,0.316,0.571,1.000
0.666,0.656,0.437,0.565,1.000
0.353,0.429,0.151,0.419,1.000
0.574,0.294,0.169,0.323,1.000
0.649,0.313,0.203,0.419,1.000
0.432,0.520,0.225,0.439,1.000
0.438,0.467,0.204,0.703,1.000
0.560,0.491,0.275,0.773,1.000
0.583,0.514,0.299,0.302,1.000
0.537,0.571,0.307,0.515,1.000
0.646,0.713,0.461,0.749,1.000
0.768,0.480,0.369,0.405,1.000
0.361,0.447,0.161,0.375,1.000
0.626,0.721,0.452,0.834,1.000
0.518,0.458,0.237,0.737,1.000
0.421,0.559,0.236,0.420,1.000
0.666,0.527,0.351,0.965,1.000
0.580,0.402,0.233,0.532,1.000
0.405,0.531,0.215,0.394,1.000
0.371,0.469,0.174,0.452,1.000
0.676,0.309,0.209,0.431,1.000
0.581,0.498,0.289,0.788,1.000
0.656,0.623,0.409,0.734,1.000
0.686,0.564,0.387,0.470,1.000
0.528,0.481,0.254,0.698,1.000
0.582,0.402,0.234,0.558,1.000
0.587,0.509,0.299,0.352,1.000
0.340,0.407,0.138,0.412,1.000
0.511,0.435,0.223,0.564,1.000
0.303,0.653,0.198,0.340,1.000
0.504,0.356,0.179,0.310,1.000
0.383,0.407,0.156,0.552,1.000
0.333,0.560,0.186,0.266,1.000
0.501,0.692,0.347,0.657,1.000
0.466,0.612,0.285,0.419,1.000
0.537,0.275,0.148,0.456,1.000
0.486,0.643,0.312,0.224,1.000
0.403,0.440,0.178,0.596,1.000
0.583,0.442,0.258,0.642,1.000
0.381,0.345,0.132,0.636,1.000
0.596,0.786,0.468,0.703,1.000
0.416,0.607,0.253,0.470,1.000
0.460,0.427,0.196,0.660,1.000
0.363,0.462,0.168,0.526,1.000
0.499,0.594,0.296,0.260,1.000
0.479,0.526,0.252,0.813,1.000
0.456,0.706,0.322,0.626,1.000
0.508,0.531,0.270,0.557,1.000
0.236,0.501,0.118,0.585,1.000
0.287,0.413,0.118,0.463,1.000
0.456,0.435,0.199,0.434,1.000
0.542,0.363,0.197,0.833,1.000
0.438,0.456,0.200,0.447,1.000
0.399,0.420,0.168,0.499,1.000
0.604,0.457,0.276,0.365,1.000
0.400,0.588,0.235,0.185,1.000
0.545,0.655,0.357,0.457,1.000
0.452,0.496,0.224,0.520,1.000
0.661,0.433,0.286,0.219,1.000
0.445,0.455,0.203,0.462,1.000
0.548,0.333,0.183,0.446,1.000
0.438,0.553,0.243,0.722,1.000
0.274,0.610,0.167,0.323,1.000
0.542,0.614,0.333,0.768,1.000
0.470,0.386,0.181,0.699,1.000
0.431,0.437,0.188,0.606,1.000
0.451,0.429,0.193,0.593,1.000
0.560,0.565,0.316,0.514,1.000
0.673,0.695,0.468,0.538,1.000
0.505,0.375,0.189,0.452,1.000
0.433,0.779,0.338,0.743,1.000
0.414,0.752,0.311,0.513,1.000
0.643,0.471,0.303,0.542,1.000
0.449,0.385,0.173,0.468,1.000
0.514,0.547,0.282,0.525,1.000
0.397,0.207,0.082,0.495,1.000
0.527,0.561,0.296,0.573,1.000
0.582,0.426,0.248,0.625,1.000
0.558,0.246,0.137,0.665,1.000
0.267,0.345,0.092,0.556,1.000
0.638,0.641,0.409,0.476,1.000
0.589,0.645,0.380,0.374,1.000
0.591,0.402,0.237,0.418,1.000
0.603,0.567,0.342,0.611,1.000
0.576,0.596,0.343,0.646,1.000
0.518,0.336,0.174,0.183,1.000
0.421,0.267,0.112,0.465,1.000
0.561,0.607,0.341,0.547,1.000
0.400,0.683,0.273,0.760,1.000
0.552,0.508,0.280,0.523,1.000
0.591,0.677,0.401,0.463,1.000
0.482,0.497,0.240,0.450,1.000
0.445,0.283,0.126,0.410,1.000
0.547,0.493,0.270,0.376,1.000
0.564,0.497,0.280,0.730,1.000
0.364,0.377,0.137,0.803,1.000
0.562,0.610,0.343,0.569,1.000
0.479,0.433,0.207,0.610,1.000
0.744,0.226,0.168,0.612,1.000
0.542,0.668,0.362,0.542,1.000
0.704,0.466,0.328,0.559,1.000
0.477,0.585,0.279,0.236,1.000
0.471,0.391,0.184,0.196,1.000
0.597,0.317,0.189,0.646,1.000
0.447,0.499,0.223,0.572,1.000
0.447,0.362,0.162,0.580,1.000
0.755,0.880,0.665,0.573,1.000
0.416,0.706,0.293,0.630,1.000
0.629,0.323,0.203,0.526,1.000
0.544,0.365,0.199,0.422,1.000
0.651,0.503,0.328,0.809,1.000
0.480,0.479,0.230,0.583,1.000
0.554,0.688,0.381,0.443,1.000
0.669,0.355,0.238,0.492,1.000
0.512,0.522,0.267,0.494,1.000
0.700,0.756,0.529,0.509,1.000
0.627,0.525,0.329,0.303,1.000
0.666,0.478,0.318,0.247,1.000
0.564,0.352,0.198,0.175,1.000
0.353,0.679,0.240,0.635,1.000
0.738,0.520,0.384,0.820,1.000
0.534,0.441,0.236,0.430,1.000
0.471,0.377,0.177,0.416,1.000
0.449,0.473,0.212,0.721,1.000
0.504,0.410,0.207,0.550,1.000
0.463,0.464,0.215,0.278,1.000
0.373,0.571,0.213,0.381,1.000
0.473,0.353,0.167,0.067,1.000
0.459,0.507,0.233,0.517,1.000
0.717,0.566,0.406,0.507,1.000
0.503,0.454,0.229,0.239,1.000
0.359,0.637,0.228,0.712,1.000
0.506,0.621,0.314,0.403,1.000
0.441,0.804,0.355,0.273,1.000
0.280,0.310,0.087,0.633,1.000
0.469,0.728,0.341,0.376,1.000
0.639,0.527,0.337,0.261,1.000
0.579,0.293,0.170,0.511,1.000
0.555,0.581,0.322,0.742,1.000
0.517,0.440,0.228,0.405,1.000
0.650,0.420,0.273,0.458,1.000
0.567,0.437,0.248,0.812,1.000
0.538,0.236,0.127,0.705,1.000
0.397,0.509,0.202,0.427,1.000
0.392,0.703,0.275,0.471,1.000
0.482,0.475,0.229,0.926,1.000
0.569,0.437,0.249,0.597,1.000
0.567,0.696,0.395,0.377,1.000
0.520,0.725,0.377,0.588,1.000
0.710,0.340,0.241,0.568,1.000
0.757,0.372,0.281,0.259,1.000
0.336,0.688,0.231,0.866,1.000
0.390,0.478,0.186,0.366,1.000
0.243,0.397,0.097,0.460,1.000
0.294,0.659,0.194,0.533,1.000
0.345,0.371,0.128,0.364,1.000
0.431,0.488,0.210,0.316,1.000
0.569,0.679,0.387,0.433,1.000
0.280,0.400,0.112,0.232,1.000
0.383,0.524,0.201,0.321,1.000
0.636,0.370,0.236,0.366,1.000
0.536,0.524,0.281,0.726,1.000
0.316,0.624,0.197,0.490,1.000
0.348,0.754,0.262,0.519,1.000
0.496,0.765,0.380,0.420,1.000
0.417,0.429,0.179,0.629,1.000
0.528,0.503,0.266,0.328,1.000
0.468,0.541,0.253,0.469,1.000
0.759,0.523,0.397,0.344,1.000
0.346,0.408,0.141,0.492,1.000
0.468,0.392,0.183,0.296,1.000
0.353,0.313,0.111,1.058,1.000
0.488,0.502,0.245,0.294,1.000
0.546,0.370,0.202,0.573,1.000
0.485,0.549,0.266,0.686,1.000
0.451,0.461,0.208,0.443,1.000
0.491,0.408,0.200,0.444,1.000
0.437,0.325,0.142,0.302,1.000
0.445,0.343,0.153,0.250,1.000
0.787,0.349,0.274,0.418,1.000
0.502,0.681,0.342,0.523,1.000
0.689,0.458,0.315,0.408,1.000
0.530,0.487,0.258,0.185,1.000
0.362,0.394,0.143,0.397,1.000
0.523,0.442,0.231,0.368,1.000
0.398,0.581,0.231,0.429,1.000
0.623,0.509,0.317,0.397,1.000
0.521,0.450,0.235,0.683,1.000
0.469,0.434,0.204,0.674,1.000
0.522,0.596,0.311,0.656,1.000
0.609,0.384,0.234,0.786,1.000
0.552,0.428,0.236,0.617,1.000
0.605,0.438,0.265,0.573,1.000
0.448,0.581,0.260,0.549,1.000
0.273,0.410,0.112,0.502,1.000
0.555,0.402,0.223,0.596,1.000
0.488,0.701,0.342,0.338,1.000
0.634,0.466,0.296,0.703,1.000
0.540,0.622,0.336,0.716,1.000
0.499,0.482,0.241,0.504,1.000
0.520,0.417,0.217,0.540,1.000
0.593,0.422,0.250,0.449,1.000
0.190,0.578,0.110,0.687,1.000
0.336,0.348,0.117,0.435,1.000
0.432,0.509,0.220,0.238,1.000
0.495,0.712,0.353,0.408,1.000
0.479,0.598,0.287,0.378,1.000
0.393,0.756,0.297,0.329,1.000
0.337,0.490,0.165,0.659,1.000
0.575,0.548,0.316,0.528,1.000
0.434,0.456,0.198,0.466,1.000
0.333,0.349,0.116,0.628,1.000
0.376,0.305,0.115,0.419,1.000
0.542,0.661,0.358,0.200,1.000
0.603,0.541,0.326,0.259,1.000
0.431,0.636,0.275,0.432,1.000
0.540,0.674,0.364,0.457,1.000
0.600,0.327,0.196,0.404,1.000
0.395,0.617,0.244,0.639,1.000
0.423,0.736,0.312,0.392,1.000
0.345,0.474,0.164,0.512,1.000
0.536,0.523,0.281,0.336,1.000
0.509,0.278,0.142,0.516,1.000
0.546,0.595,0.325,0.475,1.000
0.451,0.264,0.119,0.656,1.000
0.461,0.368,0.169,0.458,1.000
0.454,0.379,0.172,0.449,1.000
0.613,0.485,0.297,0.517,1.000
0.607,0.623,0.378,0.283,1.000
0.520,0.466,0.242,0.353,1.000
0.541,0.646,0.350,0.496,1.000
0.393,0.375,0.147,0.251,1.000
0.361,0.476,0.172,0.213,1.000
0.534,0.362,0.193,0.741,1.000
0.657,0.623,0.409,0.830,1.000
0.647,0.523,0.338,0.557,1.000
0.603,0.503,0.303,0.490,1.000
0.383,0.597,0.228,0.494,1.000
0.615,0.446,0.274,0.480,1.000
0.692,0.565,0.391,0.758,1.000
0.424,0.781,0.331,0.330,1.000
0.557,0.572,0.318,0.437,1.000
0.572,0.330,0.189,0.821,1.000
0.199,0.398,0.079,0.849,1.000
0.417,0.574,0.239,0.624,1.000
0.370,0.762,0.282,0.760,1.000
0.670,0.565,0.378,0.670,1.000
0.205,0.679,0.139,0.581,1.000
0.868,0.595,0.516,0.420,1.000
0.462,0.491,0.227,0.510,1.000
0.657,0.555,0.364,0.392,1.000
0.633,0.578,0.366,0.410,1.000
0.281,0.485,0.136,0.178,1.000
0.438,0.351,0.154,0.385,1.000
0.461,0.601,0.277,0.269,1.000
0.518,0.706,0.366,0.644,1.000
0.281,0.677,0.190,0.457,1.000
0.514,0.545,0.280,0.402,1.000
0.464,0.524,0.243,0.451,1.000
0.661,0.525,0.347,0.549,1.000
0.348,0.515,0.179,0.523,1.000
0.627,0.717,0.450,0.664,1.000
0.243,0.547,0.133,0.226,1.000
0.643,0.680,0.437,0.530,1.000
0.490,0.502,0.246,0.140,1.000
0.601,0.378,0.227,0.634,1.000
0.642,0.369,0.237,0.637,1.000
0.617,0.588,0.363,0.384,1.000
0.271,0.620,0.168,0.460,1.000
0.411,0.570,0.234,0.391,1.000
0.470,0.586,0.276,0.550,1.000
0.458,0.462,0.211,0.401,1.000
0.587,0.657,0.386,0.620,1.000
0.529,0.404,0.214,0.668,1.000
0.452,0.348,0.157,0.575,1.000
0.550,0.880,0.484,0.387,1.000
0.437,0.521,0.228,0.609,1.000
0.398,0.626,0.249,0.184,1.000
0.554,0.575,0.319,0.417,1.000
0.558,0.530,0.296,0.629,1.000
0.235,0.712,0.167,0.448,1.000
0.547,0.451,0.247,0.270,1.000
0.467,0.532,0.248,0.509,1.000
0.738,0.490,0.361,0.456,1.000
0.404,0.655,0.264,0.280,1.000
0.471,0.418,0.197,0.403,1.000
0.718,0.339,0.243,0.297,1.000
0.492,0.556,0.274,0.440,1.000
0.550,0.533,0.293,0.300,1.000
0.469,0.603,0.282,0.300,1.000
0.452,0.659,0.298,0.500,1.000
0.428,0.441,0.189,0.371,1.000
0.616,0.700,0.431,0.476,1.000
0.490,0.634,0.311,0.345,1.000
0.557,0.577,0.321,0.150,1.000
0.509,0.585,0.298,0.623,1.000
0.648,0.599,0.388,0.682,1.000
0.507,0.588,0.298,0.332,1.000
0.267,0.275,0.073,0.514,1.000
0.622,0.498,0.310,0.636,1.000
0.475,0.590,0.280,0.448,1.000
0.338,0.504,0.171,0.605,1.000
0.652,0.574,0.374,0.808,1.000
0.504,0.583,0.294,0.606,1.000
0.576,0.439,0.252,0.770,1.000
0.491,0.516,0.253,0.214,1.000
0.517,0.664,0.343,0.467,1.000
0.374,0.529,0.198,0.654,1.000
0.487,0.622,0.303,0.558,1.000
0.642,0.376,0.241,0.416,1.000
0.529,0.443,0.234,0.388,1.000
0.528,0.497,0.262,0.561,1.000
0.734,0.526,0.386,0.613,1.000
0.390,0.559,0.218,0.595,1.000
0.588,0.465,0.274,0.638,1.000
0.578,0.392,0.227,0.555,1.000
0.590,0.490,0.289,0.614,1.000
0.534,0.410,0.219,0.605,1.000
0.567,0.468,0.266,0.382,1.000
0.334,0.563,0.188,0.393,1.000
0.509,0.638,0.325,0.629,1.000
0.452,0.486,0.220,0.311,1.000
0.441,0.148,0.065,0.426,1.000
0.736,0.424,0.312,0.500,1.000
0.580,0.612,0.355,0.619,1.000
0.622,0.476,0.296,0.721,1.000
0.535,0.415,0.222,0.306,1.000
0.364,0.651,0.237,0.665,1.000
0.701,0.405,0.284,0.563,1.000
0.503,0.405,0.204,0.309,1.000
0.658,0.573,0.377,0.479,1.000
0.497,0.608,0.303,0.311,1.000
0.547,0.679,0.371,0.424,1.000
0.459,0.526,0.241,0.570,1.000
0.496,0.626,0.310,0.344,1.000
0.355,0.687,0.244,0.457,1.000
0.331,0.461,0.153,0.540,1.000
0.642,0.421,0.270,0.349,1.000
0.585,0.760,0.445,0.623,1.000
0.544,0.411,0.224,0.351,1.000
0.547,0.390,0.213,0.248,1.000
0.825,0.611,0.504,0.517,1.000
0.615,0.784,0.482,0.529,1.000
0.468,0.446,0.208,0.633,1.000
0.383,0.173,0.066,0.571,1.000
0.563,0.440,0.248,0.367,1.000
0.580,0.368,0.214,0.473,1.000
0.567,0.627,0.356,0.268,1.000
0.443,0.567,0.251,0.617,1.000
0.447,0.472,0.211,0.398,1.000
0.469,0.457,0.214,0.581,1.000
0.622,0.411,0.255,0.223,1.000
0.588,0.437,0.257,0.673,1.000
0.518,0.493,0.255,0.237,1.000
0.610,0.454,0.277,0.500,1.000
0.596,0.638,0.380,0.321,1.000
0.554,0.382,0.212,0.537,1.000
0.518,0.354,0.183,0.565,1.000
0.653,0.434,0.284,0.316,1.000
0.433,0.535,0.232,1.016,1.000
0.460,0.529,0.243,0.323,1.000
0.384,0.515,0.198,0.535,1.000
0.436,0.134,0.058,0.475,1.000
0.588,0.497,0.292,0.521,1.000
0.517,0.342,0.177,0.419,1.000
0.567,0.370,0.210,0.638,1.000
0.644,0.297,0.191,0.170,1.000
0.668,0.524,0.350,0.503,1.000
0.394,0.631,0.249,0.711,1.000
0.463,0.620,0.287,0.546,1.000
0.480,0.397,0.191,0.512,1.000
0.784,0.357,0.280,0.477,1.000
0.521,0.615,0.320,0.441,1.000
0.510,0.411,0.210,0.522,1.000
0.359,0.385,0.138,0.584,1.000
0.504,0.513,0.258,0.765,1.000
0.495,0.358,0.177,0.782,1.000
0.392,0.404,0.159,0.541,1.000
0.599,0.433,0.259,0.493,1.000
0.667,0.455,0.303,0.313,1.000
0.501,0.532,0.267,0.619,1.000
0.303,0.406,0.123,0.548,1.000
0.670,0.500,0.335,0.652,1.000
0.494,0.475,0.235,0.650,1.000
0.319,0.519,0.166,0.465,1.000
0.575,0.520,0.299,0.330,1.000
0.653,0.563,0.368,0.327,1.000
0.395,0.615,0.243,0.473,1.000
0.385,0.551,0.212,0.836,1.000
0.759,0.403,0.306,0.509,1.000
0.633,0.642,0.406,0.419,1.000
0.305,0.341,0.104,0.353,1.000
0.431,0.279,0.120,0.471,1.000
0.710,0.664,0.471,0.182,1.000
0.657,0.605,0.397,0.448,1.000
0.469,0.583,0.273,0.390,1.000
0.533,0.463,0.246,0.494,1.000
0.547,0.655,0.359,0.228,1.000
0.439,0.451,0.198,0.227,1.000
0.473,0.620,0.293,0.669,1.000
0.445,0.285,0.127,0.400,1.000
0.525,0.654,0.344,0.425,1.000
0.492,0.527,0.259,0.535,1.000
0.465,0.578,0.269,0.362,1.000
0.495,0.673,0.333,0.516,1.000
0.310,0.638,0.198,0.594,1.000
0.582,0.599,0.348,0.528,1.000
0.394,0.521,0.205,0.424,1.000
0.642,0.384,0.246,0.550,1.000
0.489,0.461,0.225,0.394,1.000
0.506,0.541,0.274,0.392,1.000
0.306,0.613,0.188,0.511,1.000
0.806,0.592,0.477,0.400,1.000
0.465,0.482,0.224,0.524,1.000
0.353,0.409,0.144,0.673,1.000
0.290,0.337,0.098,0.619,1.000
0.394,0.486,0.191,0.479,1.000
0.520,0.443,0.230,0.496,1.000
0.452,0.585,0.265,0.689,1.000
0.542,0.525,0.284,0.350,1.000
0.511,0.323,0.165,0.706,1.000
0.373,0.387,0.144,0.366,1.000
0.606,0.459,0.278,0.379,1.000
0.721,0.357,0.257,0.469,1.000
0.417,0.417,0.174,0.416,1.000
0.414,0.371,0.154,0.828,1.000
0.455,0.496,0.226,0.606,1.000
0.516,0.434,0.224,0.581,1.000
0.876,0.382,0.334,0.448,1.000
0.503,0.453,0.228,0.734,1.000
0.527,0.638,0.336,0.509,1.000
0.802,0.641,0.514,0.269,1.000
0.564,0.440,0.248,0.351,1.000
0.633,0.416,0.263,0.317,1.000
0.557,0.541,0.301,0.600,1.000
0.583,0.339,0.198,0.436,1.000
0.692,0.488,0.338,0.224,1.000
0.607,0.643,0.390,0.262,1.000
0.560,0.515,0.288,0.017,1.000
0.597,0.490,0.293,0.491,1.000
0.525,0.493,0.259,0.547,1.000
0.255,0.605,0.155,0.612,1.000
0.510,0.486,0.248,0.601,1.000
0.334,0.494,0.165,0.285,1.000
0.390,0.322,0.126,0.643,1.000
0.572,0.381,0.218,0.280,1.000
0.564,0.617,0.348,0.326,1.000
0.487,0.334,0.163,0.500,1.000
0.784,0.480,0.377,0.583,1.000
0.505,0.461,0.233,0.177,1.000
0.511,0.475,0.243,0.255,1.000
0.505,0.677,0.342,0.489,1.000
0.588,0.422,0.248,0.583,1.000
0.517,0.487,0.252,0.487,1.000
0.522,0.571,0.298,0.516,1.000
0.400,0.500,0.200,0.330,1.000
0.742,0.543,0.403,0.588,1.000
0.552,0.413,0.228,0.481,1.000
0.304,0.629,0.191,0.487,1.000
0.494,0.500,0.247,0.419,1.000
0.548,0.770,0.422,0.335,1.000
0.611,0.558,0.341,0.479,1.000
0.461,0.470,0.217,0.520,1.000
0.351,0.383,0.134,0.611,1.000
0.519,0.552,0.286,0.284,1.000
0.308,0.549,0.169,0.569,1.000
0.359,0.542,0.195,0.394,1.000
0.550,0.584,0.321,0.545,1.000
0.598,0.620,0.371,0.264,1.000
0.357,0.468,0.167,0.568,1.000
0.492,0.374,0.184,0.588,1.000
0.709,0.653,0.463,0.491,1.000
0.518,0.508,0.264,0.582,1.000
0.667,0.303,0.202,0.387,1.000
0.430,0.749,0.322,0.765,1.000
0.453,0.546,0.247,0.380,1.000
0.369,0.754,0.278,0.535,1.000
0.405,0.378,0.153,0.446,1.000
0.605,0.452,0.273,0.594,1.000
0.405,0.348,0.141,0.553,1.000
0.738,0.579,0.427,0.512,1.000
0.367,0.427,0.157,0.470,1.000
0.572,0.426,0.244,0.365,1.000
0.540,0.535,0.289,0.510,1.000
0.501,0.392,0.196,0.365,1.000
0.405,0.429,0.174,0.401,1.000
0.592,0.419,0.248,0.626,1.000
0.456,0.643,0.293,0.474,1.000
0.359,0.622,0.223,0.455,1.000
0.669,0.470,0.315,0.810,1.000
0.366,0.618,0.226,0.957,1.000
0.553,0.563,0.312,0.366,1.000
0.672,0.455,0.306,0.524,1.000
0.628,0.783,0.492,0.674,1.000
0.620,0.349,0.216,0.194,1.000
0.528,0.787,0.415,0.633,1.000
0.476,0.558,0.266,0.771,1.000
0.332,0.464,0.154,0.351,1.000
0.245,0.720,0.176,0.739,1.000
0.352,0.482,0.170,0.463,1.000
0.539,0.428,0.231,0.328,1.000
0.500,0.365,0.182,0.371,1.000
0.709,0.301,0.214,0.427,1.000
0.478,0.367,0.175,0.422,1.000
0.655,0.489,0.321,0.537,1.000
0.356,0.671,0.239,0.215,1.000
0.495,0.322,0.159,0.779,1.000
0.407,0.522,0.212,0.229,1.000
0.387,0.428,0.166,0.438,1.000
0.585,0.398,0.233,0.264,1.000
0.551,0.425,0.234,0.506,1.000
0.609,0.709,0.432,0.721,1.000
0.347,0.539,0.187,0.434,1.000
0.270,0.630,0.170,0.581,1.000
0.507,0.749,0.380,0.495,1.000
0.540,0.409,0.221,0.451,1.000
0.413,0.521,0.215,0.404,1.000
0.443,0.493,0.218,0.522,1.000
0.616,0.468,0.289,0.352,1.000
0.362,0.479,0.173,0.583,1.000
0.464,0.592,0.274,0.485,1.000
0.649,0.357,0.232,0.442,1.000
0.563,0.249,0.140,0.675,1.000
0.438,0.545,0.239,0.777,1.000
0.391,0.505,0.198,0.535,1.000
0.217,0.747,0.162,0.417,1.000
0.534,0.551,0.294,0.555,1.000
0.510,0.537,0.274,0.631,1.000
0.521,0.461,0.240,0.246,1.000
0.661,0.488,0.322,0.495,1.000
0.531,0.597,0.317,0.484,1.000
0.545,0.744,0.406,0.586,1.000
0.574,0.456,0.262,0.839,1.000
0.593,0.603,0.358,0.441,1.000
0.519,0.733,0.380,0.451,1.000
0.440,0.539,0.238,0.495,1.000
0.456,0.495,0.226,0.428,1.000
0.537,0.596,0.320,0.416,1.000
0.715,0.499,0.356,0.490,1.000
0.423,0.421,0.178,0.488,1.000
0.525,0.555,0.291,0.376,1.000
0.286,0.342,0.098,0.502,1.000
0.718,0.595,0.427,0.515,1.000
0.476,0.476,0.227,0.482,1.000
0.429,0.634,0.272,0.792,1.000
0.372,0.321,0.120,0.604,1.000
0.568,0.425,0.241,0.461,1.000
0.512,0.447,0.229,0.464,1.000
0.637,0.741,0.472,0.362,1.000
0.501,0.446,0.223,0.516,1.000
0.610,0.561,0.342,0.531,1.000
0.446,0.552,0.246,0.057,1.000
0.758,0.505,0.383,0.463,1.000
0.537,0.819,0.440,0.279,1.000
0.695,0.444,0.309,0.583,1.000
0.424,0.320,0.136,0.509,1.000
0.583,0.288,0.168,0.405,1.000
0.371,0.330,0.122,0.542,1.000
0.488,0.503,0.245,0.676,1.000
0.474,0.407,0.193,0.435,1.000
0.331,0.476,0.158,0.384,1.000
0.415,0.665,0.276,0.684,1.000
0.300,0.424,0.127,0.561,1.000
0.572,0.510,0.291,0.447,1.000
0.293,0.324,0.095,0.426,1.000
0.241,0.566,0.136,0.256,1.000
0.191,0.402,0.077,0.369,1.000
0.361,0.591,0.213,0.516,1.000
0.575,0.406,0.233,0.747,1.000
0.558,0.396,0.221,0.489,1.000
0.480,0.544,0.261,0.459,1.000
0.596,0.456,0.271,0.460,1.000
0.388,0.614,0.238,0.609,1.000
0.234,0.728,0.170,0.647,1.000
0.543,0.560,0.304,-0.036,1.000
0.620,0.559,0.347,0.543,1.000
0.549,0.558,0.306,0.603,1.000
0.486,0.594,0.288,0.474,1.000
0.600,0.264,0.158,0.719,1.000
0.578,0.566,0.327,0.497,1.000
0.494,0.525,0.259,0.392,1.000
0.634,0.455,0.288,0.709,1.000
0.633,0.607,0.384,0.410,1.000
0.420,0.513,0.215,0.720,1.000
0.588,0.662,0.389,0.424,1.000
0.469,0.576,0.270,0.329,1.000
0.437,0.527,0.230,0.440,1.000
0.467,0.380,0.177,0.455,1.000
0.418,0.407,0.170,0.826,1.000
0.223,0.484,0.108,0.401,1.000
0.461,0.613,0.283,0.347,1.000
0.548,0.620,0.340,0.114,1.000
0.545,0.475,0.259,0.504,1.000
0.753,0.707,0.532,0.248,1.000
0.623,0.452,0.282,0.615,1.000
0.366,0.421,0.154,0.498,1.000
0.515,0.503,0.259,0.324,1.000
0.676,0.492,0.333,0.746,1.000
0.388,0.613,0.238,0.085,1.000
0.550,0.519,0.286,0.438,1.000
0.606,0.599,0.363,0.558,1.000
0.574,0.492,0.282,0.530,1.000
0.503,0.175,0.088,0.612,1.000
0.578,0.482,0.278,0.310,1.000
0.487,0.530,0.258,0.450,1.000
0.580,0.251,0.146,0.553,1.000
0.480,0.364,0.175,0.246,1.000
0.502,0.524,0.263,0.362,1.000
0.381,0.632,0.241,0.435,1.000
0.253,0.768,0.194,0.335,1.000
0.695,0.647,0.450,0.621,1.000
0.443,0.656,0.291,0.361,1.000
0.460,0.545,0.251,0.455,1.000
0.442,0.561,0.248,0.297,1.000
0.606,0.501,0.303,0.721,1.000
0.513,0.612,0.314,0.717,1.000
0.516,0.298,0.153,0.649,1.000
0.524,0.552,0.289,0.370,1.000
0.486,0.519,0.252,0.628,1.000
0.562,0.657,0.369,0.526,1.000
0.316,0.544,0.172,0.461,1.000
0.435,0.839,0.365,0.307,1.000
0.503,0.601,0.302,0.587,1.000
0.673,0.474,0.319,0.553,1.000
0.460,0.453,0.209,0.535,1.000
0.728,0.662,0.482,0.353,1.000
0.481,0.369,0.177,0.650,1.000
0.587,0.584,0.343,0.536,1.000
0.738,0.488,0.360,0.746,1.000
0.340,0.561,0.191,0.340,1.000
0.373,0.396,0.148,0.557,1.000
0.649,0.348,0.226,0.308,1.000
0.572,0.560,0.320,0.572,1.000
0.338,0.447,0.151,0.478,1.000
0.762,0.452,0.345,0.315,1.000
0.323,0.723,0.234,0.588,1.000
0.427,0.293,0.125,0.521,1.000
0.289,0.538,0.155,0.656,1.000
0.460,0.602,0.277,0.500,1.000
0.532,0.547,0.291,0.560,1.000
0.572,0.478,0.273,0.512,1.000
0.477,0.460,0.219,0.498,1.000
0.444,0.368,0.163,0.713,1.000
0.455,0.530,0.241,0.512,1.000
0.565,0.414,0.234,0.506,1.000
0.389,0.720,0.280,0.501,1.000
0.664,0.569,0.378,0.765,1.000
0.527,0.308,0.162,0.527,1.000
0.540,0.320,0.173,0.407,1.000
0.734,0.536,0.393,0.455,1.000
0.500,0.371,0.185,0.635,1.000
0.350,0.562,0.197,0.092,1.000
0.476,0.462,0.220,0.520,1.000
0.549,0.369,0.202,0.416,1.000
0.668,0.498,0.333,0.496,1.000
0.575,0.465,0.268,0.201,1.000
0.390,0.548,0.214,0.487,1.000
0.180,0.632,0.113,0.521,1.000
0.438,0.458,0.200,0.561,1.000
0.830,0.360,0.299,0.348,1.000
0.413,0.323,0.133,0.368,1.000
0.250,0.222,0.055,0.598,1.000
0.623,0.421,0.262,0.627,1.000
0.448,0.588,0.264,0.428,1.000
0.463,0.570,0.264,0.394,1.000
0.463,0.707,0.327,0.604,1.000
0.303,0.495,0.150,0.665,1.000
0.383,0.317,0.121,0.306,1.000
0.446,0.432,0.193,0.739,1.000
0.584,0.467,0.272,0.520,1.000
0.503,0.411,0.207,0.133,1.000
0.590,0.497,0.293,0.626,1.000
0.497,0.487,0.242,0.587,1.000
0.635,0.581,0.369,0.299,1.000
0.416,0.595,0.248,0.169,1.000
0.452,0.524,0.237,0.622,1.000
0.642,0.503,0.323,0.560,1.000
0.606,0.547,0.331,0.339,1.000
0.461,0.606,0.279,0.389,1.000
0.619,0.440,0.273,0.517,1.000
0.582,0.507,0.295,0.521,1.000
0.556,0.551,0.306,0.495,1.000
0.571,0.382,0.218,0.569,1.000
0.561,0.431,0.242,0.577,1.000
0.244,0.599,0.146,0.563,1.000
0.415,0.696,0.288,0.295,1.000
0.365,0.244,0.089,0.390,1.000
0.522,0.483,0.252,1.004,1.000
0.518,0.649,0.336,0.418,1.000
0.581,0.630,0.366,0.504,1.000
0.492,0.483,0.237,0.705,1.000
0.484,0.616,0.298,0.535,1.000
0.741,0.670,0.497,0.355,1.000
0.303,0.514,0.156,0.203,1.000
0.577,0.371,0.214,0.637,1.000
0.303,0.456,0.138,0.680,1.000
0.380,0.509,0.194,0.626,1.000
0.525,0.514,0.270,0.714,1.000
0.581,0.505,0.293,0.335,1.000
0.489,0.478,0.234,0.579,1.000
0.513,0.684,0.351,0.060,1.000
0.577,0.460,0.265,0.166,1.000
0.680,0.520,0.354,0.369,1.000
0.577,0.445,0.257,0.217,1.000
0.322,0.610,0.196,0.576,1.000
0.329,0.538,0.177,0.519,1.000
0.638,0.597,0.381,0.562,1.000
0.574,0.666,0.382,0.510,1.000
0.501,0.480,0.240,0.547,1.000
0.441,0.381,0.168,0.271,1.000
0.586,0.627,0.367,0.763,1.000
0.423,0.219,0.093,0.090,1.000
0.463,0.438,0.203,0.433,1.000
0.423,0.529,0.224,0.293,1.000
0.522,0.520,0.272,0.788,1.000
0.507,0.625,0.317,0.499,1.000
0.314,0.678,0.213,0.041,1.000
0.474,0.376,0.178,0.785,1.000
0.549,0.491,0.270,0.399,1.000
0.223,0.516,0.115,0.733,1.000
0.442,0.585,0.259,0.541,1.000
0.472,0.439,0.207,0.430,1.000
0.401,0.529,0.212,0.712,1.000
0.360,0.262,0.094,0.477,1.000
0.606,0.422,0.256,0.613,1.000
0.439,0.364,0.160,0.576,1.000
0.368,0.319,0.117,0.855,1.000
0.602,0.403,0.242,0.248,1.000
0.570,0.435,0.248,0.712,1.000
0.654,0.615,0.402,0.477,1.000
0.531,0.500,0.266,0.557,1.000
0.486,0.532,0.259,0.895,1.000
0.581,0.477,0.277,0.514,1.000
0.590,0.361,0.213,0.653,1.000
0.720,0.617,0.444,0.693,1.000
0.498,0.398,0.198,0.766,1.000
0.327,0.348,0.114,0.613,1.000
0.380,0.477,0.181,0.632,1.000
0.432,0.428,0.185,0.661,1.000
0.472,0.792,0.374,0.058,1.000
0.517,0.467,0.242,0.462,1.000
0.551,0.474,0.261,0.486,1.000
0.685,0.519,0.356,0.590,1.000
0.577,0.616,0.355,0.568,1.000
0.456,0.709,0.323,0.590,1.000
0.469,0.494,0.232,0.330,1.000
0.457,0.317,0.145,0.382,1.000
0.408,0.439,0.179,0.227,1.000
0.453,0.355,0.161,0.365,1.000
0.474,0.677,0.321,0.632,1.000
0.391,0.265,0.103,0.392,1.000
0.470,0.452,0.212,0.555,1.000
0.637,0.642,0.409,0.417,1.000
0.644,0.762,0.491,0.511,1.000
0.451,0.521,0.235,0.471,1.000
0.428,0.354,0.151,0.615,1.000
0.350,0.492,0.172,0.376,1.000
0.343,0.371,0.127,0.867,1.000
0.434,0.487,0.211,0.301,1.000
0.590,0.459,0.271,0.524,1.000
0.235,0.525,0.123,0.158,1.000
0.440,0.519,0.229,0.671,1.000
0.576,0.651,0.375,0.439,1.000
0.356,0.680,0.242,0.464,1.000
0.386,0.349,0.135,0.408,1.000
0.426,0.742,0.316,0.419,1.000
0.249,0.555,0.138,0.477,1.000
0.237,0.445,0.105,0.623,1.000
0.679,0.469,0.318,0.272,1.000
0.391,0.690,0.270,0.365,1.000
0.704,0.397,0.280,0.731,1.000
0.462,0.357,0.165,0.575,1.000
0.575,0.354,0.204,0.477,1.000
0.689,0.308,0.212,0.615,1.000
0.490,0.529,0.259,0.500,1.000
0.293,0.528,0.155,0.755,1.000
0.324,0.642,0.208,0.113,1.000
0.491,0.509,0.250,0.442,1.000
0.376,0.580,0.218,0.415,1.000
0.729,0.683,0.497,0.582,1.000
0.366,0.768,0.281,0.739,1.000
0.396,0.446,0.176,0.485,1.000
0.521,0.545,0.284,0.440,1.000
0.406,0.568,0.230,0.637,1.000
0.483,0.548,0.265,0.618,1.000
0.479,0.607,0.291,0.520,1.000
0.579,0.731,0.423,0.543,1.000
0.424,0.697,0.295,0.367,1.000
0.627,0.532,0.334,0.778,1.000
0.375,0.498,0.187,0.503,1.000
0.499,0.435,0.217,0.328,1.000
0.317,0.569,0.181,0.536,1.000
0.682,0.327,0.223,0.470,1.000
0.319,0.550,0.176,0.656,1.000
0.419,0.465,0.195,0.629,1.000
0.333,0.647,0.215,1.006,1.000
0.595,0.478,0.284,0.450,1.000
0.423,0.561,0.237,0.456,1.000
0.640,0.658,0.421,0.327,1.000
0.689,0.535,0.369,0.494,1.000
0.532,0.472,0.251,0.519,1.000
0.415,0.347,0.144,0.280,1.000
0.581,0.593,0.345,0.294,1.000
0.331,0.613,0.203,0.538,1.000
0.559,0.581,0.325,0.461,1.000
0.427,0.562,0.240,0.344,1.000
0.379,0.389,0.147,0.304,1.000
0.322,0.464,0.149,0.278,1.000
0.412,0.614,0.253,0.798,1.000
0.521,0.433,0.226,0.622,1.000
0.541,0.731,0.395,0.672,1.000
0.627,0.303,0.190,0.421,1.000
0.613,0.487,0.299,0.505,1.000
0.671,0.308,0.207,0.405,1.000
0.715,0.575,0.411,0.521,1.000
0.327,0.730,0.239,0.217,1.000
0.496,0.576,0.286,0.338,1.000
0.459,0.530,0.243,0.577,1.000
0.523,0.421,0.220,0.391,1.000
0.619,0.500,0.310,0.556,1.000
0.522,0.590,0.308,0.646,1.000
0.778,0.591,0.459,0.360,1.000
0.471,0.548,0.258,0.106,1.000
0.392,0.621,0.243,0.559,1.000
0.439,0.473,0.208,0.327,1.000
0.381,0.356,0.136,0.459,1.000
0.693,0.464,0.322,0.478,1.000
0.583,0.711,0.414,0.420,1.000
0.660,0.631,0.417,0.593,1.000
0.393,0.418,0.164,0.576,1.000
0.449,0.472,0.212,0.695,1.000
0.559,0.750,0.419,0.594,1.000
0.442,0.591,0.262,0.185,1.000
0.626,0.363,0.227,0.638,1.000
0.675,0.422,0.285,0.529,1.000
0.537,0.460,0.247,0.568,1.000
0.823,0.389,0.321,0.380,1.000
0.539,0.486,0.262,0.597,1.000
0.395,0.351,0.138,0.700,1.000
0.534,0.584,0.312,0.547,1.000
0.467,0.263,0.123,0.469,1.000
0.437,0.458,0.200,0.828,1.000
0.395,0.433,0.171,0.552,1.000
0.481,0.531,0.256,0.627,1.000
0.379,0.388,0.147,0.607,1.000
0.438,0.305,0.133,0.300,1.000
0.408,0.413,0.168,0.506,1.000
0.364,0.497,0.181,0.683,1.000
0.402,0.441,0.177,0.217,1.000
0.418,0.613,0.257,0.599,1.000
0.541,0.456,0.247,0.612,1.000
0.612,0.373,0.228,0.483,1.000
0.581,0.375,0.217,0.739,1.000
0.639,0.325,0.208,0.457,1.000
0.463,0.378,0.175,0.221,1.000
0.565,0.579,0.327,0.321,1.000
0.596,0.431,0.257,0.511,1.000
0.419,0.678,0.284,0.570,1.000
0.526,0.337,0.177,0.441,1.000
0.551,0.287,0.158,0.373,1.000
0.601,0.591,0.355,0.618,1.000
0.569,0.588,0.335,0.457,1.000
0.629,0.389,0.245,0.564,1.000
0.729,0.084,0.061,0.390,1.000
0.395,0.629,0.249,0.482,1.000
0.477,0.421,0.201,0.382,1.000
0.381,0.461,0.176,0.426,1.000
0.459,0.664,0.305,0.481,1.000
0.529,0.321,0.170,0.496,1.000
0.404,0.499,0.201,0.673,1.000
0.520,0.602,0.314,0.346,1.000
0.461,0.364,0.168,0.381,1.000
0.265,0.611,0.162,0.531,1.000
0.519,0.412,0.214,0.356,1.000
0.407,0.449,0.183,0.464,1.000
0.489,0.554,0.271,0.781,1.000
0.360,0.637,0.230,0.536,1.000
0.570,0.398,0.226,0.371,1.000
0.627,0.387,0.243,0.479,1.000
0.411,0.426,0.175,0.638,1.000
0.409,0.409,0.167,0.805,1.000
0.612,0.581,0.355,0.646,1.000
0.430,0.647,0.278,0.413,1.000
0.595,0.506,0.301,0.523,1.000
0.589,0.629,0.370,0.422,1.000
0.374,0.472,0.177,0.290,1.000
0.444,0.232,0.103,0.114,1.000
0.370,0.513,0.190,0.345,1.000
0.572,0.501,0.286,0.411,1.000
0.438,0.540,0.236,0.566,1.000
0.295,0.593,0.175,0.414,1.000
0.590,0.578,0.341,0.523,1.000
0.379,0.548,0.208,0.710,1.000
0.388,0.706,0.273,0.503,1.000
0.645,0.645,0.416,0.650,1.000
0.346,0.477,0.165,0.456,1.000
0.523,0.445,0.233,0.556,1.000
0.482,0.485,0.234,0.427,1.000
0.355,0.595,0.211,0.292,1.000
0.651,0.264,0.172,0.562,1.000
0.313,0.542,0.169,0.277,1.000
0.516,0.594,0.307,0.468,1.000
0.147,0.353,0.052,0.505,1.000
0.758,0.418,0.317,0.390,1.000
0.653,0.299,0.195,0.619,1.000
0.464,0.282,0.131,0.402,1.000
0.349,0.279,0.097,0.416,1.000
0.537,0.762,0.409,0.255,1.000
0.554,0.401,0.222,0.727,1.000
0.468,0.354,0.166,0.711,1.000
0.474,0.514,0.244,0.448,1.000
0.437,0.532,0.233,0.431,1.000
0.583,0.812,0.473,0.424,1.000
0.481,0.620,0.298,0.193,1.000
0.477,0.458,0.219,0.658,1.000
0.565,0.420,0.237,0.516,1.000
0.426,0.220,0.094,0.488,1.000
0.753,0.510,0.384,0.600,1.000
0.534,0.446,0.238,0.177,1.000
0.339,0.470,0.159,0.192,1.000
0.599,0.616,0.369,0.406,1.000
0.521,0.562,0.293,0.532,1.000
0.468,0.409,0.191,0.796,1.000
0.749,0.652,0.488,0.679,1.000
0.561,0.294,0.165,0.363,1.000
0.369,0.529,0.195,0.508,1.000
0.515,0.489,0.252,0.571,1.000
0.496,0.726,0.360,0.446,1.000
0.708,0.534,0.378,0.567,1.000
0.328,0.441,0.144,0.397,1.000
0.404,0.458,0.185,0.272,1.000
0.389,0.333,0.129,0.564,1.000
0.404,0.505,0.204,0.740,1.000
0.367,0.451,0.166,0.318,1.000
0.558,0.450,0.251,0.347,1.000
0.793,0.606,0.481,0.784,1.000
0.746,0.826,0.616,0.639,1.000
0.520,0.461,0.240,0.527,1.000
0.577,0.478,0.276,0.569,1.000
0.368,0.575,0.212,0.536,1.000
0.518,0.496,0.257,0.595,1.000
0.469,0.462,0.217,1.045,1.000
0.524,0.402,0.211,0.478,1.000
0.554,0.619,0.342,0.482,1.000
0.470,0.556,0.262,0.538,1.000
0.429,0.408,0.175,0.586,1.000
0.420,0.686,0.288,0.435,1.000
0.478,0.544,0.260,0.357,1.000
0.421,0.868,0.365,0.392,1.000
0.726,0.699,0.507,0.204,1.000
0.462,0.480,0.222,0.569,1.000
0.564,0.506,0.286,0.649,1.000
0.796,0.648,0.516,0.350,1.000
0.345,0.500,0.173,0.670,1.000
0.659,0.419,0.276,0.187,1.000
0.291,0.630,0.183,0.553,1.000
0.535,0.512,0.274,0.621,1.000
0.377,0.506,0.191,0.181,1.000
0.661,0.492,0.325,0.353,1.000
0.449,0.399,0.179,0.855,1.000
0.342,0.781,0.267,0.260,1.000
0.423,0.257,0.109,0.276,1.000
0.427,0.393,0.168,0.266,1.000
0.556,0.618,0.344,0.411,1.000
0.215,0.576,0.124,0.549,1.000
0.477,0.548,0.262,0.587,1.000
0.584,0.473,0.276,0.541,1.000
0.531,0.246,0.130,0.535,1.000
0.543,0.599,0.325,0.581,1.000
0.393,0.466,0.183,0.513,1.000
0.654,0.476,0.311,0.575,1.000
0.480,0.343,0.165,0.439,1.000
0.390,0.362,0.141,0.303,1.000
0.458,0.525,0.240,0.470,1.000
0.466,0.295,0.137,0.258,1.000
0.541,0.646,0.350,0.319,1.000
0.599,0.503,0.301,0.304,1.000
0.480,0.602,0.289,0.717,1.000
0.614,0.446,0.274,0.619,1.000
0.565,0.471,0.266,0.543,1.000
0.567,0.547,0.310,0.527,1.000
0.507,0.453,0.230,0.085,1.000
0.579,0.563,0.325,0.502,1.000
0.606,0.622,0.377,0.533,1.000
0.362,0.559,0.202,0.519,1.000
0.437,0.390,0.170,0.635,1.000
0.310,0.463,0.144,0.259,1.000
0.669,0.493,0.330,0.397,1.000
0.294,0.401,0.118,0.408,1.000
0.583,0.602,0.351,0.245,1.000
0.368,0.678,0.249,0.466,1.000
0.529,0.402,0.212,0.388,1.000
0.446,0.580,0.259,0.705,1.000
0.550,0.612,0.337,0.713,1.000
0.517,0.449,0.232,0.342,1.000
0.687,0.358,0.246,0.524,1.000
0.276,0.481,0.133,0.448,1.000
0.491,0.520,0.255,0.737,1.000
0.487,0.421,0.205,0.309,1.000
0.430,0.352,0.151,0.564,1.000
0.510,0.625,0.319,0.665,1.000
0.545,0.413,0.225,0.708,1.000
0.679,0.458,0.311,0.249,1.000
0.379,0.573,0.217,0.526,1.000
0.573,0.589,0.338,0.244,1.000
0.471,0.471,0.222,0.593,1.000
0.405,0.452,0.183,0.564,1.000
0.443,0.247,0.110,0.342,1.000
0.500,0.460,0.230,0.500,1.000
0.736,0.773,0.569,0.439,1.000
0.277,0.543,0.150,0.670,1.000
0.293,0.484,0.142,0.346,1.000
0.364,0.583,0.212,0.606,1.000
0.559,0.662,0.370,0.222,1.000
0.475,0.513,0.244,0.660,1.000
0.638,0.402,0.257,0.622,1.000
0.387,0.341,0.132,0.258,1.000
0.451,0.520,0.235,0.739,1.000
0.363,0.763,0.277,0.378,1.000
0.856,0.516,0.442,0.551,1.000
0.701,0.312,0.219,0.437,1.000
0.220,0.665,0.146,0.728,1.000
0.693,0.541,0.375,0.449,1.000
0.482,0.372,0.179,0.538,1.000
0.591,0.487,0.288,0.629,1.000
0.756,0.378,0.285,0.575,1.000
0.552,0.475,0.262,0.452,1.000
0.374,0.602,0.225,0.179,1.000
0.641,0.614,0.394,0.253,1.000
0.417,0.586,0.244,0.313,1.000
0.492,0.414,0.204,0.655,1.000
0.510,0.513,0.262,0.496,1.000
0.328,0.581,0.191,0.425,1.000
0.535,0.466,0.250,0.387,1.000
0.498,0.624,0.311,0.192,1.000
0.504,0.495,0.250,0.573,1.000
0.401,0.633,0.254,0.626,1.000
0.533,0.432,0.231,0.512,1.000
0.713,0.722,0.515,0.482,1.000
0.617,0.432,0.267,0.784,1.000
0.541,0.350,0.189,0.557,1.000
0.371,0.261,0.097,0.623,1.000
0.490,0.679,0.333,0.277,1.000
0.589,0.410,0.242,0.659,1.000
0.501,0.338,0.169,0.479,1.000
0.297,0.516,0.153,0.558,1.000
0.395,0.640,0.253,0.263,1.000
0.380,0.633,0.241,0.434,1.000
0.603,0.634,0.382,0.601,1.000
0.324,0.331,0.107,0.462,1.000
0.416,0.524,0.218,0.477,1.000
0.645,0.570,0.368,0.503,1.000
0.580,0.229,0.133,0.590,1.000
0.393,0.494,0.194,0.709,1.000
0.530,0.483,0.256,0.676,1.000
0.504,0.538,0.271,0.506,1.000
0.545,0.479,0.261,0.717,1.000
0.589,0.380,0.224,0.556,1.000
0.370,0.444,0.164,0.531,1.000
0.378,0.618,0.234,0.634,1.000
0.296,0.653,0.193,0.786,1.000
0.511,0.671,0.343,0.892,1.000
0.449,0.420,0.188,0.500,1.000
0.506,0.578,0.292,0.742,1.000
0.325,0.575,0.187,0.478,1.000
0.496,0.587,0.292,0.374,1.000
0.521,0.582,0.303,0.258,1.000
0.469,0.460,0.216,0.325,1.000
0.644,0.299,0.192,0.671,1.000
0.494,0.485,0.240,0.730,1.000
0.507,0.390,0.198,0.187,1.000
0.599,0.506,0.303,0.503,1.000
0.651,0.533,0.347,0.305,1.000
0.523,0.366,0.192,0.207,1.000
0.535,0.504,0.270,0.169,1.000
0.548,0.371,0.203,0.371,1.000
0.649,0.703,0.456,0.425,1.000
0.520,0.457,0.238,0.477,1.000
0.729,0.287,0.209,0.545,1.000
0.530,0.475,0.251,0.674,1.000
0.668,0.558,0.373,0.385,1.000
0.431,0.498,0.215,0.569,1.000
0.500,0.418,0.209,0.535,1.000
0.303,0.463,0.140,0.131,1.000
0.591,0.575,0.340,0.468,1.000
0.693,0.481,0.333,0.513,1.000
0.624,0.517,0.322,0.687,1.000
0.542,0.401,0.217,0.383,1.000
0.514,0.446,0.229,0.360,1.000
0.582,0.553,0.322,0.296,1.000
0.500,0.357,0.178,0.812,1.000
0.510,0.412,0.210,0.594,1.000
0.617,0.658,0.406,0.540,1.000
0.358,0.324,0.116,0.951,1.000
0.454,0.557,0.253,0.567,1.000
0.645,0.578,0.373,0.357,1.000
0.601,0.570,0.343,0.490,1.000
0.721,0.431,0.311,0.374,1.000
0.354,0.345,0.122,0.485,1.000
0.500,0.456,0.228,0.512,1.000
0.390,0.555,0.217,0.435,1.000
0.346,0.370,0.128,0.614,1.000
0.352,0.458,0.161,0.866,1.000
0.450,0.357,0.161,0.482,1.000
0.350,0.591,0.207,0.472,1.000
0.418,0.612,0.256,0.468,1.000
0.481,0.546,0.263,0.610,1.000
0.345,0.367,0.127,0.549,1.000
0.472,0.519,0.245,0.385,1.000
0.443,0.280,0.124,0.528,1.000
0.393,0.533,0.209,0.542,1.000
0.512,0.542,0.278,0.697,1.000
0.361,0.334,0.121,0.400,1.000
0.465,0.648,0.301,0.646,1.000
0.447,0.486,0.217,1.057,1.000
0.633,0.541,0.343,0.450,1.000
0.584,0.572,0.334,0.548,1.000
0.578,0.185,0.107,0.721,1.000
0.404,0.514,0.208,0.319,1.000
0.344,0.483,0.166,0.947,1.000
0.490,0.393,0.193,0.268,1.000
0.407,0.436,0.178,0.644,1.000
0.489,0.460,0.225,0.342,1.000
0.507,0.481,0.244,0.535,1.000
0.337,0.494,0.166,0.415,1.000
0.629,0.460,0.289,0.634,1.000
0.431,0.559,0.240,0.467,1.000
0.563,0.564,0.317,0.528,1.000
0.678,0.566,0.384,0.696,1.000
0.388,0.370,0.143,0.773,1.000
0.393,0.544,0.214,0.366,1.000
0.450,0.307,0.138,0.610,1.000
0.544,0.312,0.170,0.948,1.000
0.344,0.422,0.145,0.509,1.000
0.646,0.590,0.381,0.681,1.000
0.632,0.503,0.318,0.678,1.000
0.419,0.463,0.194,0.318,1.000
0.683,0.741,0.506,0.461,1.000
0.797,0.411,0.327,0.421,1.000
0.374,0.340,0.127,0.235,1.000
0.392,0.354,0.139,0.351,1.000
0.496,0.681,0.338,0.582,1.000
0.814,0.493,0.402,0.460,1.000
0.793,0.231,0.183,0.678,1.000
0.587,0.406,0.238,0.344,1.000
0.455,0.643,0.293,0.701,1.000
0.670,0.455,0.305,0.627,1.000
0.534,0.462,0.247,0.645,1.000
0.437,0.516,0.225,0.700,1.000
0.415,0.468,0.194,0.607,1.000
0.334,0.324,0.108,0.686,1.000
0.419,0.287,0.120,0.445,1.000
0.473,0.414,0.196,0.497,1.000
0.483,0.447,0.216,0.572,1.000
0.281,0.571,0.160,0.261,1.000
0.383,0.442,0.169,0.278,1.000
0.478,0.391,0.187,0.608,1.000
0.500,0.471,0.235,0.222,1.000
0.357,0.468,0.167,0.574,1.000
0.671,0.393,0.264,0.465,1.000
0.238,0.542,0.129,0.439,1.000
0.669,0.198,0.133,0.342,1.000
0.594,0.580,0.345,0.551,1.000
0.334,0.674,0.225,0.735,1.000
0.526,0.584,0.307,0.600,1.000
0.557,0.348,0.194,0.405,1.000
0.440,0.248,0.109,0.580,1.000
0.652,0.605,0.394,0.570,1.000
0.400,0.354,0.142,0.801,1.000
0.548,0.547,0.300,0.689,1.000
0.633,0.673,0.426,0.570,1.000
0.568,0.432,0.246,0.573,1.000
0.633,0.330,0.209,0.561,1.000
0.425,0.507,0.215,0.631,1.000
0.520,0.474,0.246,0.554,1.000
0.384,0.427,0.164,0.383,1.000
0.526,0.485,0.255,0.472,1.000
0.481,0.450,0.216,0.328,1.000
0.590,0.702,0.414,0.591,1.000
0.546,0.411,0.224,0.173,1.000
0.560,0.536,0.300,0.417,1.000
0.386,0.364,0.141,0.659,1.000
0.614,0.569,0.349,0.449,1.000
0.700,0.604,0.423,0.873,1.000
0.573,0.500,0.287,0.849,1.000
0.527,0.576,0.304,0.104,1.000
0.492,0.320,0.157,0.509,1.000
0.573,0.591,0.339,0.622,1.000
0.722,0.421,0.304,0.363,1.000
0.398,0.387,0.154,0.486,1.000
0.415,0.573,0.238,0.486,1.000
0.343,0.578,0.198,0.636,1.000
0.294,0.528,0.155,0.803,1.000
0.405,0.483,0.196,0.560,1.000
0.371,0.166,0.061,0.356,1.000
0.436,0.585,0.255,0.512,1.000
0.704,0.638,0.449,0.679,1.000
0.393,0.650,0.255,0.244,1.000
0.445,0.425,0.189,0.449,1.000
0.496,0.554,0.275,0.305,1.000
0.570,0.480,0.274,0.311,1.000
0.423,0.288,0.122,0.649,1.000
0.487,0.509,0.248,0.561,1.000
0.450,0.503,0.227,0.516,1.000
0.585,0.573,0.335,0.671,1.000
0.417,0.441,0.184,0.445,1.000
0.574,0.478,0.274,0.265,1.000
0.480,0.381,0.183,0.426,1.000
0.565,0.735,0.416,0.426,1.000
0.540,0.655,0.353,0.552,1.000
0.620,0.542,0.336,0.461,1.000
0.510,0.658,0.336,0.560,1.000
0.479,0.630,0.302,0.571,1.000
0.672,0.467,0.314,0.568,1.000
0.393,0.622,0.245,0.431,1.000
0.455,0.447,0.203,0.446,1.000
0.575,0.399,0.229,0.615,1.000
0.479,0.533,0.255,0.561,1.000
0.331,0.417,0.138,0.635,1.000
0.557,0.353,0.197,0.429,1.000
0.387,0.294,0.114,0.436,1.000
0.632,0.324,0.204,0.554,1.000
0.690,0.475,0.328,0.555,1.000
0.495,0.453,0.224,0.596,1.000
0.559,0.601,0.336,0.497,1.000
0.587,0.433,0.254,0.512,1.000
0.521,0.507,0.265,0.460,1.000
0.771,0.373,0.287,0.150,1.000
0.636,0.296,0.188,0.447,1.000
0.553,0.636,0.352,0.480,1.000
0.718,0.618,0.444,0.428,1.000
0.523,0.462,0.241,0.634,1.000
0.342,0.435,0.149,0.591,1.000
0.495,0.402,0.199,0.419,1.000
0.575,0.474,0.273,0.499,1.000
0.615,0.360,0.222,0.752,1.000
0.796,0.571,0.455,0.618,1.000
0.730,0.333,0.243,0.686,1.000
0.567,0.647,0.367,0.648,1.000
0.371,0.441,0.163,0.536,1.000
0.324,0.485,0.157,0.430,1.000
0.293,0.541,0.158,0.334,1.000
0.231,0.433,0.100,0.347,1.000
0.465,0.533,0.248,0.483,1.000
0.405,0.546,0.221,0.583,1.000
0.360,0.752,0.271,0.556,1.000
0.430,0.292,0.126,0.521,1.000
0.272,0.467,0.127,0.594,1.000
0.289,0.548,0.159,0.493,1.000
0.481,0.508,0.244,0.640,1.000
0.629,0.554,0.348,0.480,1.000
0.466,0.748,0.348,0.646,1.000
0.441,0.635,0.280,0.495,1.000
0.408,0.660,0.269,0.431,1.000
0.616,0.663,0.408,0.625,1.000
0.343,0.382,0.131,0.455,1.000
0.609,0.672,0.409,0.603,1.000
0.565,0.367,0.207,0.333,1.000
0.541,0.802,0.434,0.684,1.000
0.617,0.491,0.303,0.373,1.000
0.659,0.380,0.251,0.364,1.000
0.400,0.746,0.299,0.786,1.000
0.705,0.552,0.389,0.567,1.000
0.571,0.516,0.295,0.486,1.000
0.504,0.403,0.203,0.515,1.000
0.520,0.553,0.288,0.634,1.000
0.513,0.773,0.397,0.697,1.000
0.434,0.536,0.232,0.599,1.000
0.245,0.507,0.124,0.394,1.000
0.259,0.658,0.171,0.318,1.000
0.555,0.493,0.274,0.651,1.000
0.533,0.569,0.304,0.495,1.000
0.421,0.466,0.196,0.222,1.000
0.316,0.346,0.109,0.458,1.000
0.419,0.511,0.214,0.529,1.000
0.539,0.554,0.299,0.392,1.000
0.461,0.599,0.276,0.499,1.000
0.352,0.441,0.155,0.500,1.000
0.519,0.713,0.370,0.743,1.000
0.374,0.619,0.232,0.469,1.000
0.511,0.615,0.314,0.673,1.000
0.583,0.523,0.305,0.716,1.000
0.489,0.379,0.185,0.449,1.000
0.491,0.470,0.231,0.584,1.000
0.448,0.378,0.169,0.493,1.000
0.357,0.386,0.138,0.341,1.000
0.740,0.498,0.369,0.664,1.000
0.355,0.688,0.244,0.606,1.000
0.467,0.473,0.221,0.669,1.000
0.653,0.444,0.290,0.466,1.000
0.559,0.555,0.311,0.622,1.000
0.565,0.315,0.178,0.477,1.000
0.463,0.473,0.219,0.398,1.000
0.462,0.548,0.253,0.496,1.000
0.447,0.532,0.238,0.482,1.000
0.345,0.558,0.193,0.500,1.000
0.612,0.563,0.345,0.708,1.000
0.260,0.284,0.074,0.504,1.000
0.481,0.715,0.344,0.428,1.000
0.479,0.578,0.277,0.520,1.000
0.569,0.714,0.407,0.432,1.000
0.739,0.409,0.302,0.566,1.000
0.318,0.380,0.121,0.728,1.000
0.470,0.353,0.166,0.658,1.000
0.550,0.447,0.246,0.433,1.000
0.383,0.382,0.146,0.773,1.000
0.494,0.315,0.156,0.589,1.000
0.614,0.495,0.304,0.676,1.000
0.532,0.438,0.233,0.517,1.000
0.618,0.431,0.266,0.445,1.000
0.461,0.602,0.277,0.454,1.000
0.433,0.632,0.274,0.383,1.000
0.451,0.674,0.304,0.758,1.000
0.618,0.326,0.201,0.596,1.000
0.776,0.528,0.410,0.332,1.000
0.501,0.425,0.213,0.488,1.000
0.453,0.389,0.176,0.381,1.000
0.326,0.461,0.150,0.551,1.000
0.423,0.675,0.285,0.504,1.000
0.534,0.508,0.271,0.676,1.000
0.467,0.454,0.212,0.294,1.000
0.332,0.268,0.089,0.646,1.000
0.455,0.266,0.121,0.540,1.000
0.520,0.455,0.236,0.623,1.000
0.559,0.539,0.301,0.481,1.000
0.422,0.481,0.203,0.488,1.000
0.450,0.531,0.239,0.255,1.000
0.570,0.408,0.233,0.498,1.000
0.591,0.657,0.388,0.303,1.000
0.526,0.468,0.246,0.412,1.000
0.520,0.512,0.266,0.272,1.000
0.233,0.397,0.093,0.595,1.000
0.610,0.412,0.251,0.281,1.000
0.625,0.573,0.358,0.939,1.000
0.524,0.628,0.329,0.206,1.000
0.632,0.530,0.335,0.380,1.000
0.596,0.413,0.246,0.368,1.000
0.527,0.446,0.235,0.378,1.000
0.770,0.330,0.254,0.771,1.000
0.693,0.454,0.315,0.420,1.000
0.514,0.504,0.259,0.306,1.000
0.510,0.449,0.229,0.738,1.000
0.503,0.511,0.257,0.600,1.000
0.537,0.483,0.260,0.455,1.000
0.570,0.610,0.348,0.769,1.000
0.549,0.412,0.226,0.638,1.000
0.319,0.443,0.141,0.581,1.000
0.481,0.436,0.210,0.336,1.000
0.689,0.554,0.382,0.384,1.000
0.397,0.556,0.221,0.357,1.000
0.366,0.430,0.157,0.161,1.000
0.426,0.482,0.205,0.498,1.000
0.425,0.534,0.227,0.837,1.000
0.500,0.406,0.203,0.585,1.000
0.391,0.576,0.225,0.446,1.000
0.583,0.415,0.242,0.827,1.000
0.370,0.507,0.188,0.673,1.000
0.437,0.737,0.322,0.477,1.000
0.486,0.507,0.246,0.324,1.000
0.632,0.453,0.286,0.367,1.000
0.643,0.233,0.150,0.438,1.000
0.620,0.450,0.279,0.394,1.000
0.311,0.515,0.160,0.396,1.000
0.505,0.205,0.104,0.578,1.000
0.372,0.314,0.117,0.559,1.000
0.465,0.608,0.283,0.438,1.000
0.520,0.459,0.239,0.480,1.000
0.638,0.751,0.480,0.454,1.000
0.465,0.844,0.392,0.553,1.000
0.386,0.310,0.120,0.706,1.000
0.625,0.515,0.322,0.354,1.000
0.470,0.412,0.193,0.692,1.000
0.354,0.445,0.157,0.539,1.000
0.489,0.696,0.340,0.365,1.000
0.551,0.481,0.265,0.621,1.000
0.338,0.428,0.145,0.624,1.000
0.549,0.506,0.278,0.581,1.000
0.581,0.594,0.345,0.499,1.000
0.361,0.611,0.221,0.455,1.000
0.322,0.344,0.111,0.371,1.000
0.571,0.522,0.298,0.665,1.000
0.455,0.396,0.180,0.794,1.000
0.327,0.499,0.163,0.559,1.000
0.468,0.553,0.259,0.488,1.000
0.423,0.516,0.218,0.511,1.000
0.553,0.216,0.120,0.597,1.000
0.348,0.607,0.212,0.549,1.000
0.392,0.540,0.212,0.429,1.000
0.457,0.409,0.187,0.406,1.000
0.523,0.333,0.174,0.082,1.000
0.377,0.438,0.165,0.404,1.000
0.423,0.393,0.166,0.324,1.000
0.469,0.506,0.237,0.518,1.000
0.456,0.716,0.326,0.521,1.000
0.628,0.484,0.304,0.486,1.000
0.426,0.590,0.251,0.201,1.000
0.521,0.347,0.181,0.334,1.000
0.549,0.339,0.186,0.645,1.000
0.398,0.567,0.226,0.319,1.000
0.268,0.310,0.083,0.653,1.000
0.539,0.468,0.252,0.741,1.000
0.493,0.572,0.282,0.433,1.000
0.422,0.429,0.181,0.641,1.000
0.380,0.265,0.101,0.347,1.000
0.485,0.504,0.244,0.577,1.000
0.365,0.660,0.241,0.469,1.000
0.558,0.491,0.274,0.821,1.000
0.452,0.605,0.273,0.538,1.000
0.261,0.672,0.175,0.468,1.000
0.366,0.620,0.227,0.252,1.000
0.912,0.576,0.525,0.449,1.000
0.470,0.599,0.281,0.642,1.000
0.577,0.584,0.337,0.702,1.000
0.364,0.485,0.176,0.467,1.000
0.469,0.558,0.262,0.417,1.000
0.534,0.690,0.369,0.692,1.000
0.679,0.566,0.385,0.583,1.000
0.533,0.398,0.212,0.559,1.000
0.831,0.681,0.566,0.595,1.000
0.417,0.447,0.187,0.465,1.000
0.465,0.570,0.265,0.305,1.000
0.638,0.641,0.410,0.358,1.000
0.467,0.468,0.218,0.478,1.000
0.528,0.527,0.278,0.526,1.000
0.485,0.435,0.211,0.509,1.000
0.328,0.754,0.248,0.604,1.000
0.477,0.533,0.254,0.492,1.000
0.371,0.691,0.256,0.618,1.000
0.715,0.302,0.216,0.386,1.000
0.293,0.309,0.091,0.439,1.000
0.499,0.354,0.177,0.479,1.000
0.503,0.372,0.187,0.220,1.000
0.711,0.625,0.444,0.488,1.000
0.513,0.420,0.216,0.514,1.000
0.727,0.371,0.269,0.488,1.000
0.561,0.290,0.163,0.631,1.000
0.564,0.350,0.197,0.603,1.000
0.749,0.704,0.527,0.589,1.000
0.586,0.682,0.399,0.653,1.000
0.401,0.576,0.231,0.669,1.000
0.655,0.472,0.309,0.556,1.000
0.719,0.280,0.201,0.825,1.000
0.462,0.550,0.254,0.709,1.000
0.618,0.749,0.463,0.541,1.000
0.353,0.422,0.149,0.871,1.000
0.579,0.323,0.187,0.525,1.000
0.598,0.708,0.423,0.593,1.000
0.501,0.538,0.269,0.946,1.000
0.454,0.451,0.205,0.714,1.000
0.674,0.652,0.440,0.233,1.000
0.506,0.472,0.239,0.431,1.000
0.548,0.521,0.286,0.567,1.000
0.526,0.381,0.201,0.374,1.000
0.596,0.624,0.372,0.620,1.000
0.410,0.561,0.230,0.327,1.000
0.655,0.590,0.386,0.852,1.000
0.650,0.488,0.317,0.514,1.000
0.557,0.479,0.267,0.487,1.000
0.558,0.296,0.165,0.477,1.000
0.570,0.533,0.304,0.644,1.000
0.707,0.345,0.244,0.288,1.000
0.588,0.479,0.282,0.444,1.000
0.560,0.568,0.318,0.481,1.000
0.480,0.412,0.198,0.531,1.000
0.424,0.642,0.272,0.406,1.000
0.376,0.479,0.180,0.263,1.000
0.250,0.587,0.147,0.999,1.000
0.269,0.689,0.185,0.603,1.000
0.388,0.506,0.196,0.355,1.000
0.156,0.304,0.047,0.385,1.000
0.468,0.561,0.262,0.284,1.000
0.544,0.431,0.234,0.318,1.000
0.532,0.629,0.335,0.316,1.000
0.515,0.505,0.260,0.611,1.000
0.539,0.472,0.255,0.730,1.000
0.617,0.520,0.321,0.593,1.000
0.589,0.411,0.242,0.626,1.000
0.528,0.698,0.369,0.610,1.000
0.591,0.632,0.374,0.694,1.000
0.389,0.657,0.255,0.390,1.000
0.609,0.454,0.276,0.292,1.000
0.549,0.566,0.310,0.728,1.000
0.411,0.387,0.159,0.411,1.000
0.479,0.485,0.232,0.799,1.000
0.633,0.481,0.305,0.356,1.000
0.738,0.553,0.408,0.296,1.000
0.442,0.328,0.145,0.584,1.000
0.498,0.455,0.227,0.858,1.000
0.414,0.506,0.209,0.725,1.000
0.474,0.568,0.269,0.318,1.000
0.497,0.514,0.256,0.504,1.000
0.547,0.466,0.255,0.407,1.000
0.492,0.607,0.298,0.505,1.000
0.650,0.292,0.190,0.845,1.000
0.440,0.582,0.256,0.512,1.000
0.383,0.515,0.197,0.346,1.000
0.745,0.476,0.355,0.495,1.000
0.453,0.630,0.285,0.735,1.000
0.372,0.188,0.070,0.693,1.000
0.439,0.493,0.216,0.361,1.000
0.544,0.393,0.214,0.421,1.000
0.583,0.360,0.210,0.197,1.000
0.645,0.539,0.348,0.420,1.000
0.753,0.464,0.349,0.567,1.000
0.575,0.648,0.373,0.372,1.000
0.516,0.673,0.347,0.355,1.000
0.555,0.637,0.353,0.353,1.000
0.522,0.480,0.251,0.207,1.000
0.322,0.572,0.184,0.552,1.000
0.713,0.499,0.356,0.598,1.000
0.302,0.286,0.087,0.451,1.000
0.443,0.470,0.208,0.565,1.000
0.529,0.490,0.259,0.563,1.000
0.506,0.486,0.246,0.555,1.000
0.701,0.649,0.454,0.487,1.000
0.405,0.472,0.191,0.363,1.000
0.463,0.649,0.300,0.506,1.000
0.535,0.558,0.299,0.313,1.000
0.385,0.433,0.167,0.820,1.000
0.446,0.798,0.356,0.463,1.000
0.456,0.724,0.330,0.464,1.000
0.448,0.587,0.263,0.476,1.000
0.336,0.723,0.243,0.578,1.000
0.459,0.357,0.164,0.649,1.000
0.517,0.450,0.233,0.479,1.000
0.537,0.476,0.256,0.478,1.000
0.453,0.512,0.232,0.532,1.000
0.525,0.720,0.378,0.537,1.000
0.482,0.516,0.248,0.551,1.000
0.416,0.480,0.200,0.458,1.000
0.540,0.369,0.199,0.460,1.000
0.280,0.526,0.147,0.290,1.000
0.479,0.509,0.244,0.607,1.000
0.409,0.506,0.207,0.414,1.000
0.319,0.421,0.134,0.636,1.000
0.428,0.489,0.209,0.731,1.000
0.343,0.469,0.161,0.601,1.000
0.340,0.387,0.132,0.378,1.000
0.561,0.611,0.343,0.828,1.000
0.283,0.730,0.207,0.541,1.000
0.616,0.479,0.295,0.534,1.000
0.278,0.550,0.153,0.478,1.000
0.639,0.508,0.324,0.393,1.000
0.603,0.503,0.303,0.498,1.000
0.664,0.624,0.414,0.347,1.000
0.206,0.291,0.060,0.445,1.000
0.490,0.469,0.230,0.485,1.000
0.629,0.625,0.393,0.266,1.000
0.502,0.391,0.196,0.658,1.000
0.562,0.529,0.297,0.519,1.000
0.408,0.565,0.230,0.377,1.000
0.606,0.625,0.379,0.317,1.000
0.411,0.477,0.196,0.356,1.000
0.521,0.539,0.281,0.282,1.000
0.526,0.485,0.255,0.468,1.000
0.514,0.508,0.261,0.357,1.000
0.360,0.346,0.125,0.741,1.000
0.358,0.409,0.147,0.219,1.000
0.434,0.647,0.280,0.307,1.000
0.600,0.371,0.222,0.444,1.000
0.650,0.568,0.369,0.353,1.000
0.460,0.597,0.275,0.488,1.000
0.556,0.443,0.246,0.486,1.000
0.343,0.553,0.190,0.393,1.000
0.460,0.596,0.274,0.348,1.000
0.724,0.326,0.236,0.633,1.000
0.482,0.542,0.262,0.316,1.000
0.584,0.529,0.309,0.411,1.000
0.558,0.348,0.194,0.530,1.000
0.454,0.387,0.176,0.399,1.000
0.479,0.431,0.206,0.404,1.000
0.463,0.531,0.246,0.575,1.000
0.525,0.539,0.283,0.392,1.000
0.594,0.601,0.357,0.584,1.000
0.394,0.485,0.191,0.300,1.000
0.540,0.296,0.160,0.379,1.000
0.384,0.674,0.259,0.358,1.000
0.542,0.386,0.209,0.548,1.000
0.357,0.393,0.140,0.587,1.000
0.358,0.540,0.193,0.557,1.000
0.544,0.546,0.297,0.415,1.000
0.431,0.489,0.211,0.836,1.000
0.523,0.404,0.211,0.542,1.000
0.468,0.620,0.290,0.398,1.000
0.459,0.529,0.243,0.449,1.000
0.437,0.493,0.216,0.510,1.000
0.210,0.447,0.094,0.652,1.000
0.544,0.425,0.231,0.793,1.000
0.446,0.593,0.264,0.534,1.000
0.377,0.436,0.164,0.513,1.000
0.391,0.626,0.245,0.264,1.000
0.560,0.481,0.270,0.255,1.000
0.359,0.262,0.094,0.262,1.000
0.460,0.539,0.248,0.798,1.000
0.587,0.505,0.296,0.562,1.000
0.588,0.537,0.315,0.296,1.000
0.559,0.644,0.360,0.469,1.000
0.578,0.344,0.199,0.713,1.000
0.377,0.553,0.208,0.587,1.000
0.493,0.816,0.402,0.523,1.000
0.511,0.398,0.203,0.322,1.000
0.410,0.388,0.159,0.399,1.000
0.224,0.438,0.098,0.576,1.000
0.671,0.676,0.453,0.688,1.000
0.584,0.574,0.335,0.496,1.000
0.333,0.366,0.122,0.447,1.000
0.415,0.344,0.143,0.401,1.000
0.487,0.486,0.237,0.666,1.000
0.376,0.652,0.246,0.231,1.000
0.383,0.528,0.202,0.602,1.000
0.461,0.541,0.249,0.728,1.000
0.523,0.489,0.256,0.635,1.000
0.575,0.546,0.314,0.530,1.000
0.564,0.452,0.255,0.554,1.000
0.404,0.412,0.167,0.516,1.000
0.243,0.476,0.116,0.473,1.000
0.310,0.531,0.165,0.825,1.000
0.518,0.441,0.228,0.421,1.000
0.483,0.364,0.176,0.269,1.000
0.674,0.538,0.362,0.704,1.000
0.515,0.523,0.270,0.453,1.000
0.437,0.564,0.247,0.512,1.000
0.729,0.397,0.290,0.294,1.000
0.533,0.448,0.238,0.367,1.000
0.387,0.153,0.059,0.351,1.000
0.376,0.560,0.211,0.183,1.000
0.509,0.477,0.243,0.531,1.000
0.435,0.479,0.208,0.228,1.000
0.394,0.320,0.126,0.395,1.000
0.530,0.565,0.299,0.341,1.000
0.559,0.524,0.293,0.387,1.000
0.436,0.454,0.198,0.667,1.000
0.536,0.441,0.237,0.622,1.000
0.694,0.595,0.413,0.440,1.000
0.554,0.531,0.294,0.476,1.000
0.360,0.395,0.142,0.734,1.000
0.318,0.604,0.192,0.479,1.000
0.563,0.510,0.287,0.474,1.000
0.465,0.559,0.260,0.664,1.000
0.378,0.423,0.160,0.521,1.000
0.372,0.637,0.237,0.520,1.000
0.512,0.463,0.237,0.295,1.000
0.569,0.514,0.293,0.364,1.000
0.599,0.544,0.326,0.543,1.000
0.559,0.310,0.173,0.480,1.000
0.503,0.581,0.292,0.514,1.000
0.609,0.567,0.345,0.563,1.000
0.420,0.399,0.167,0.303,1.000
0.688,0.468,0.322,0.401,1.000
0.554,0.543,0.301,0.507,1.000
0.608,0.531,0.323,0.544,1.000
0.491,0.635,0.312,0.501,1.000
0.552,0.562,0.310,0.444,1.000
0.342,0.421,0.144,0.321,1.000
0.271,0.551,0.149,0.681,1.000
0.440,0.540,0.238,0.416,1.000
0.409,0.323,0.132,0.432,1.000
0.600,0.650,0.390,0.576,1.000
0.506,0.366,0.185,0.705,1.000
0.431,0.431,0.186,0.649,1.000
0.360,0.560,0.201,0.588,1.000
0.357,0.636,0.227,0.594,1.000
0.277,0.685,0.190,0.419,1.000
0.682,0.569,0.388,0.643,1.000
0.297,0.597,0.177,0.646,1.000
0.469,0.409,0.192,0.505,1.000
0.378,0.645,0.244,0.728,1.000
0.490,0.346,0.170,0.615,1.000
0.461,0.438,0.202,0.472,1.000
0.594,0.355,0.211,0.354,1.000
0.625,0.355,0.222,0.534,1.000
0.457,0.431,0.197,0.284,1.000
0.520,0.581,0.302,0.586,1.000
0.639,0.546,0.349,0.116,1.000
0.713,0.565,0.403,0.567,1.000
0.494,0.604,0.299,0.528,1.000
0.346,0.458,0.159,0.493,1.000
0.416,0.444,0.184,0.573,1.000
0.541,0.341,0.184,0.560,1.000
0.780,0.443,0.346,0.658,1.000
0.615,0.461,0.284,0.347,1.000
0.304,0.541,0.165,0.414,1.000
0.671,0.417,0.280,0.273,1.000
0.455,0.587,0.267,0.382,1.000
0.430,0.541,0.232,0.606,1.000
0.359,0.474,0.170,0.435,1.000
0.534,0.487,0.260,0.639,1.000
0.443,0.422,0.187,0.423,1.000
0.371,0.346,0.129,0.395,1.000
0.481,0.253,0.122,0.317,1.000
0.507,0.320,0.162,0.544,1.000
0.557,0.500,0.278,0.742,1.000
0.445,0.592,0.264,0.510,1.000
0.421,0.587,0.247,0.749,1.000
0.558,0.508,0.283,0.486,1.000
0.476,0.360,0.171,0.682,1.000
0.577,0.347,0.200,0.541,1.000
0.135,0.340,0.046,0.473,1.000
0.337,0.495,0.167,0.756,1.000
0.492,0.535,0.263,0.438,1.000
0.350,0.668,0.234,0.284,1.000
0.473,0.630,0.298,0.490,1.000
0.499,0.574,0.287,0.602,1.000
0.664,0.464,0.308,0.219,1.000
0.440,0.249,0.110,0.349,1.000
0.406,0.592,0.240,0.532,1.000
0.450,0.667,0.300,0.822,1.000
0.471,0.614,0.289,0.434,1.000
0.536,0.483,0.259,0.363,1.000
0.352,0.738,0.260,0.797,1.000
0.441,0.311,0.137,0.618,1.000
0.373,0.641,0.239,0.389,1.000
0.474,0.563,0.267,0.527,1.000
0.628,0.365,0.229,0.664,1.000
0.670,0.582,0.390,0.566,1.000
0.673,0.547,0.368,0.611,1.000
0.404,0.493,0.199,0.362,1.000
0.496,0.446,0.222,0.382,1.000
0.571,0.439,0.250,0.442,1.000
0.268,0.525,0.141,0.086,1.000
0.656,0.318,0.208,0.275,1.000
0.482,0.476,0.229,0.526,1.000
0.540,0.568,0.307,0.435,1.000
0.551,0.547,0.301,0.364,1.000
0.484,0.340,0.165,0.608,1.000
0.668,0.567,0.379,0.562,1.000
0.393,0.523,0.206,0.761,1.000
0.649,0.625,0.406,0.334,1.000
0.514,0.348,0.179,0.640,1.000
0.391,0.285,0.111,0.580,1.000
0.610,0.466,0.285,0.655,1.000
0.357,0.526,0.188,0.372,1.000
0.512,0.472,0.242,0.448,1.000
0.578,0.551,0.318,0.261,1.000
0.380,0.540,0.205,0.648,1.000
0.555,0.572,0.317,0.482,1.000
0.428,0.451,0.193,0.424,1.000
0.572,0.622,0.355,0.543,1.000
0.673,0.435,0.293,0.611,1.000
0.485,0.445,0.216,0.702,1.000
0.596,0.293,0.175,0.348,1.000
0.511,0.461,0.235,0.543,1.000
0.273,0.426,0.116,0.194,1.000
0.658,0.492,0.324,0.408,1.000
0.522,0.197,0.103,0.625,1.000
0.424,0.500,0.212,0.424,1.000
0.625,0.405,0.253,0.479,1.000
0.512,0.561,0.287,0.347,1.000
0.390,0.524,0.204,0.678,1.000
0.390,0.591,0.231,0.306,1.000
0.514,0.555,0.285,0.643,1.000
0.586,0.628,0.368,0.548,1.000
0.473,0.454,0.215,0.610,1.000
0.554,0.485,0.269,0.505,1.000
0.585,0.616,0.360,0.377,1.000
0.526,0.623,0.328,0.199,1.000
0.698,0.575,0.401,0.417,1.000
0.573,0.457,0.262,0.660,1.000
0.562,0.446,0.251,0.566,1.000
0.315,0.496,0.156,0.441,1.000
0.600,0.603,0.362,0.435,1.000
0.610,0.737,0.449,0.711,1.000
0.708,0.452,0.320,0.594,1.000
0.481,0.521,0.251,0.651,1.000
0.516,0.483,0.249,0.291,1.000
0.504,0.342,0.172,0.626,1.000
0.503,0.288,0.145,0.457,1.000
0.401,0.568,0.228,0.395,1.000
0.393,0.513,0.202,0.298,1.000
0.759,0.486,0.369,0.720,1.000
0.375,0.437,0.164,0.175,1.000
0.539,0.724,0.391,0.558,1.000
0.520,0.578,0.301,0.525,1.000
0.658,0.438,0.288,0.645,1.000
0.465,0.538,0.250,0.583,1.000
0.653,0.684,0.447,0.566,1.000
0.424,0.527,0.223,0.515,1.000
0.627,0.674,0.423,0.509,1.000
0.475,0.577,0.274,0.325,1.000
0.815,0.479,0.390,0.396,1.000
0.497,0.624,0.310,0.757,1.000
0.333,0.671,0.223,0.490,1.000
0.345,0.232,0.080,0.351,1.000
0.640,0.415,0.266,0.414,1.000
0.516,0.398,0.205,0.456,1.000
0.730,0.562,0.410,0.490,1.000
0.769,0.466,0.358,0.353,1.000
0.614,0.332,0.204,0.808,1.000
0.594,0.548,0.325,0.478,1.000
0.587,0.386,0.226,0.573,1.000
0.608,0.515,0.313,0.357,1.000
0.521,0.502,0.261,0.625,1.000
0.483,0.549,0.265,0.639,1.000
0.492,0.555,0.273,0.424,1.000
0.581,0.621,0.361,0.446,1.000
0.581,0.612,0.355,0.335,1.000
0.728,0.439,0.320,0.376,1.000
0.792,0.564,0.446,0.488,1.000
0.711,0.375,0.267,0.232,1.000
0.496,0.302,0.150,0.680,1.000
0.584,0.433,0.253,0.614,1.000
0.428,0.450,0.192,0.314,1.000
0.774,0.620,0.480,0.656,1.000
0.503,0.505,0.254,0.633,1.000
0.463,0.333,0.154,0.230,1.000
0.648,0.724,0.469,0.555,1.000
0.495,0.270,0.133,0.401,1.000
0.582,0.489,0.285,0.735,1.000
0.629,0.735,0.462,0.632,1.000
0.580,0.298,0.173,0.706,1.000
0.655,0.375,0.246,0.671,1.000
0.559,0.479,0.268,0.245,1.000
0.412,0.297,0.122,0.571,1.000
0.682,0.675,0.460,0.722,1.000
0.537,0.556,0.299,0.800,1.000
0.544,0.720,0.392,0.415,1.000
0.216,0.415,0.090,0.638,1.000
0.182,0.471,0.086,0.473,1.000
0.407,0.760,0.309,0.418,1.000
0.766,0.374,0.287,0.339,1.000
0.565,0.565,0.319,0.358,1.000
0.607,0.703,0.426,0.371,1.000
0.536,0.311,0.167,0.952,1.000
0.168,0.376,0.063,0.079,1.000
0.661,0.662,0.438,0.701,1.000
0.493,0.271,0.134,0.506,1.000
0.440,0.296,0.130,0.384,1.000
0.478,0.784,0.375,0.597,1.000
0.486,0.488,0.237,0.553,1.000
0.654,0.568,0.371,0.387,1.000
0.687,0.574,0.395,0.493,1.000
0.661,0.846,0.559,0.136,1.000
0.644,0.521,0.335,0.391,1.000
0.659,0.428,0.282,0.329,1.000
0.554,0.482,0.267,0.635,1.000
0.508,0.264,0.134,0.384,1.000
0.327,0.346,0.113,0.638,1.000
0.386,0.513,0.198,0.555,1.000
0.616,0.295,0.182,0.450,1.000
0.570,0.465,0.265,0.620,1.000
0.500,0.177,0.088,0.682,1.000
0.486,0.518,0.251,0.667,1.000
0.286,0.525,0.150,0.596,1.000
0.569,0.253,0.144,0.232,1.000
0.334,0.500,0.167,0.628,1.000
0.566,0.482,0.273,0.402,1.000
0.371,0.762,0.283,0.599,1.000
0.453,0.580,0.263,0.117,1.000
0.487,0.408,0.199,0.177,1.000
0.518,0.503,0.260,0.758,1.000
0.575,0.595,0.342,0.474,1.000
0.407,0.388,0.158,0.698,1.000
0.526,0.430,0.226,0.476,1.000
0.503,0.398,0.200,0.454,1.000
0.413,0.405,0.167,0.492,1.000
0.513,0.585,0.300,0.450,1.000
0.505,0.512,0.259,0.421,1.000
0.605,0.598,0.362,0.837,1.000
0.406,0.392,0.159,0.194,1.000
0.538,0.376,0.202,0.374,1.000
0.512,0.553,0.283,0.546,1.000
0.659,0.751,0.495,0.493,1.000
0.382,0.276,0.105,0.657,1.000
0.333,0.529,0.176,0.275,1.000
0.407,0.565,0.230,0.430,1.000
0.344,0.403,0.139,0.567,1.000
0.388,0.362,0.141,0.279,1.000
0.465,0.569,0.265,0.285,1.000
0.481,0.712,0.343,0.433,1.000
0.932,0.510,0.475,0.152,1.000
0.547,0.597,0.327,0.516,1.000
0.440,0.603,0.266,0.512,1.000
0.469,0.390,0.183,0.449,1.000
0.432,0.449,0.194,0.258,1.000
0.397,0.353,0.140,0.634,1.000
0.500,0.464,0.232,0.826,1.000
0.319,0.637,0.203,0.398,1.000
0.432,0.450,0.195,0.366,1.000
0.687,0.571,0.392,0.579,1.000
0.656,0.398,0.261,0.658,1.000
0.569,0.426,0.243,0.528,1.000
0.494,0.420,0.208,0.568,1.000
0.540,0.642,0.347,0.337,1.000
0.588,0.372,0.219,0.616,1.000
0.420,0.458,0.193,0.610,1.000
0.564,0.523,0.295,0.577,1.000
0.638,0.386,0.246,0.410,1.000
0.608,0.508,0.309,0.526,1.000
0.378,0.517,0.195,0.589,1.000
0.525,0.579,0.304,0.386,1.000
0.428,0.448,0.192,0.636,1.000
0.558,0.691,0.385,0.709,1.000
0.511,0.476,0.244,0.419,1.000
0.353,0.298,0.105,0.503,1.000
0.601,0.595,0.358,0.491,1.000
0.650,0.509,0.331,0.438,1.000
0.597,0.510,0.304,0.526,1.000
0.577,0.329,0.190,0.683,1.000
0.455,0.492,0.224,0.408,1.000
0.461,0.541,0.250,0.918,1.000
0.374,0.603,0.226,0.726,1.000
0.420,0.487,0.204,0.540,1.000
0.595,0.413,0.245,0.665,1.000
0.531,0.384,0.204,0.660,1.000
0.376,0.373,0.140,0.413,1.000
0.610,0.446,0.273,0.643,1.000
0.508,0.526,0.267,0.105,1.000
0.474,0.533,0.252,0.426,1.000
0.573,0.370,0.212,0.451,1.000
0.541,0.852,0.461,0.489,1.000
0.368,0.627,0.231,0.237,1.000
0.609,0.669,0.408,0.178,1.000
0.721,0.496,0.357,0.468,1.000
0.575,0.513,0.295,0.899,1.000
0.448,0.399,0.178,0.657,1.000
0.652,0.318,0.208,0.396,1.000
0.625,0.458,0.286,0.508,1.000
0.483,0.563,0.272,0.704,1.000
0.345,0.266,0.092,0.741,1.000
0.292,0.498,0.146,0.391,1.000
0.406,0.413,0.168,0.830,1.000
0.428,0.503,0.215,0.195,1.000
0.575,0.634,0.364,0.618,1.000
0.408,0.506,0.206,0.585,1.000
0.356,0.388,0.138,0.584,1.000
0.460,0.500,0.230,0.788,1.000
0.667,0.455,0.304,0.812,1.000
0.447,0.660,0.295,0.633,1.000
0.554,0.544,0.302,0.281,1.000
0.364,0.398,0.145,0.424,1.000
0.609,0.615,0.374,0.775,1.000
0.725,0.585,0.424,0.873,1.000
0.475,0.384,0.182,0.651,1.000
0.357,0.334,0.120,0.540,1.000
0.657,0.689,0.453,0.702,1.000
0.573,0.746,0.427,0.287,1.000
0.119,0.453,0.054,0.726,1.000
0.620,0.563,0.349,0.667,1.000
0.484,0.354,0.171,0.748,1.000
0.677,0.581,0.393,0.713,1.000
0.560,0.585,0.327,0.447,1.000
0.458,0.487,0.223,0.647,1.000
0.388,0.423,0.164,0.695,1.000
0.602,0.454,0.274,0.363,1.000
0.545,0.431,0.235,0.427,1.000
0.485,0.587,0.285,0.544,1.000
0.702,0.602,0.422,0.844,1.000
0.405,0.371,0.150,0.394,1.000
0.362,0.423,0.153,0.417,1.000
0.512,0.477,0.244,0.439,1.000
0.461,0.631,0.291,0.671,1.000
0.741,0.591,0.438,0.348,1.000
0.452,0.457,0.207,0.458,1.000
0.506,0.487,0.246,1.149,1.000
0.499,0.460,0.229,0.722,1.000
0.606,0.332,0.201,0.595,1.000
0.802,0.723,0.580,0.713,1.000
0.421,0.631,0.265,0.354,1.000
0.348,0.503,0.175,0.254,1.000
0.485,0.445,0.216,0.779,1.000
0.617,0.423,0.261,0.631,1.000
0.555,0.733,0.407,0.435,1.000
0.575,0.457,0.263,0.665,1.000
0.546,0.597,0.326,0.531,1.000
0.638,0.566,0.361,0.319,1.000
0.657,0.650,0.427,0.258,1.000
0.451,0.537,0.242,0.066,1.000
0.382,0.651,0.248,0.446,1.000
0.558,0.403,0.225,0.227,1.000
0.528,0.479,0.253,0.689,1.000
0.481,0.349,0.168,0.322,1.000
0.554,0.474,0.263,0.621,1.000
0.366,0.382,0.140,0.516,1.000
0.566,0.229,0.129,0.616,1.000
0.385,0.685,0.264,0.363,1.000
0.397,0.418,0.166,0.206,1.000
0.613,0.466,0.286,0.494,1.000
0.560,0.271,0.152,0.596,1.000
0.587,0.425,0.249,0.793,1.000
0.723,0.584,0.422,0.702,1.000
0.833,0.481,0.401,0.205,1.000
0.527,0.494,0.260,0.638,1.000
0.536,0.388,0.208,0.310,1.000
0.651,0.529,0.345,0.569,1.000
0.441,0.515,0.227,0.573,1.000
0.316,0.523,0.166,0.645,1.000
0.390,0.518,0.202,0.496,1.000
0.327,0.307,0.101,0.370,1.000
0.510,0.478,0.244,0.385,1.000
0.356,0.452,0.161,0.279,1.000
0.731,0.388,0.284,0.755,1.000
0.667,0.519,0.346,0.543,1.000
0.768,0.434,0.333,0.347,1.000
0.377,0.377,0.142,0.633,1.000
0.571,0.624,0.356,0.577,1.000
0.239,0.658,0.157,0.460,1.000
0.428,0.448,0.192,0.455,1.000
0.570,0.404,0.230,0.571,1.000
0.683,0.484,0.330,0.449,1.000
0.353,0.341,0.120,0.515,1.000
0.375,0.518,0.194,0.832,1.000
0.215,0.588,0.126,0.404,1.000
0.411,0.448,0.184,0.395,1.000
0.519,0.626,0.325,0.553,1.000
0.508,0.472,0.240,0.428,1.000
0.343,0.577,0.198,0.623,1.000
0.468,0.628,0.294,0.656,1.000
0.407,0.353,0.144,0.309,1.000
0.610,0.458,0.280,0.332,1.000
0.419,0.636,0.266,0.876,1.000
0.536,0.525,0.282,0.524,1.000
0.476,0.290,0.138,0.344,1.000
0.496,0.472,0.234,0.304,1.000
0.484,0.477,0.231,0.646,1.000
0.432,0.326,0.141,0.527,1.000
0.587,0.469,0.275,0.480,1.000
0.597,0.193,0.115,0.508,1.000
0.468,0.478,0.224,0.452,1.000
0.525,0.379,0.199,0.689,1.000
0.403,0.541,0.218,0.383,1.000
0.625,0.361,0.226,0.553,1.000
0.547,0.489,0.267,0.854,1.000
0.087,0.351,0.030,0.780,1.000
0.536,0.777,0.417,0.445,1.000
0.576,0.283,0.163,0.513,1.000
0.721,0.663,0.478,0.645,1.000
0.463,0.481,0.222,0.144,1.000
0.614,0.532,0.327,0.238,1.000
0.552,0.383,0.212,0.506,1.000
0.439,0.590,0.259,0.349,1.000
0.486,0.324,0.157,0.520,1.000
0.753,0.379,0.285,0.240,1.000
0.648,0.128,0.083,0.845,1.000
0.433,0.694,0.301,0.584,1.000
0.652,0.541,0.353,0.428,1.000
0.483,0.328,0.159,0.413,1.000
0.685,0.403,0.276,0.706,1.000
0.359,0.766,0.275,0.728,1.000
0.186,0.365,0.068,0.451,1.000
0.580,0.394,0.229,0.468,1.000
0.634,0.623,0.395,0.746,1.000
0.279,0.584,0.163,0.585,1.000
0.414,0.486,0.201,0.457,1.000
0.434,0.472,0.205,0.256,1.000
0.469,0.526,0.247,0.497,1.000
0.478,0.796,0.381,0.614,1.000
0.542,0.518,0.280,0.616,1.000
0.372,0.338,0.126,0.747,1.000
0.464,0.536,0.249,0.296,1.000
0.431,0.475,0.205,0.426,1.000
0.490,0.498,0.244,0.643,1.000
0.647,0.457,0.296,0.658,1.000
0.513,0.509,0.261,0.416,1.000
0.451,0.623,0.281,0.758,1.000
0.541,0.595,0.322,0.684,1.000
0.538,0.395,0.212,0.553,1.000
0.388,0.531,0.206,0.562,1.000
0.282,0.621,0.175,0.632,1.000
0.437,0.525,0.229,0.644,1.000
0.370,0.480,0.178,0.498,1.000
0.585,0.767,0.449,0.356,1.000
0.392,0.427,0.167,0.286,1.000
0.461,0.644,0.296,0.194,1.000
0.611,0.713,0.436,0.618,1.000
0.482,0.310,0.150,0.835,1.000
0.528,0.442,0.233,0.444,1.000
0.805,0.465,0.375,0.464,1.000
0.713,0.638,0.455,0.589,1.000
0.521,0.533,0.278,0.444,1.000
0.731,0.503,0.368,0.907,1.000
0.491,0.545,0.268,0.572,1.000
0.510,0.493,0.252,0.545,1.000
0.444,0.617,0.274,0.282,1.000
0.537,0.695,0.373,0.423,1.000
0.574,0.792,0.455,0.647,1.000
0.506,0.494,0.250,0.325,1.000
0.420,0.612,0.257,0.711,1.000
0.471,0.395,0.186,0.528,1.000
0.749,0.542,0.406,0.575,1.000
0.517,0.392,0.203,0.483,1.000
0.401,0.663,0.266,0.329,1.000
0.589,0.454,0.268,0.100,1.000
0.587,0.762,0.447,0.324,1.000
0.601,0.614,0.369,0.277,1.000
0.289,0.396,0.115,0.520,1.000
0.388,0.540,0.209,0.248,1.000
0.626,0.577,0.361,0.239,1.000
0.676,0.470,0.318,0.417,1.000
0.258,0.488,0.126,0.295,1.000
0.571,0.563,0.322,0.690,1.000
0.576,0.356,0.205,0.507,1.000
0.473,0.480,0.227,0.637,1.000
0.600,0.582,0.349,0.494,1.000
0.564,0.312,0.176,0.446,1.000
0.548,0.481,0.264,0.624,1.000
0.528,0.605,0.319,0.649,1.000
0.800,0.524,0.419,0.605,1.000
0.294,0.327,0.096,0.406,1.000
0.444,0.465,0.207,0.646,1.000
0.527,0.389,0.205,0.705,1.000
0.489,0.623,0.305,0.287,1.000
0.479,0.521,0.249,0.372,1.000
0.307,0.546,0.168,0.644,1.000
0.575,0.576,0.331,0.634,1.000
0.605,0.458,0.277,0.563,1.000
0.431,0.227,0.098,0.452,1.000
0.553,0.337,0.186,0.282,1.000
0.377,0.317,0.120,0.466,1.000
0.513,0.464,0.238,0.369,1.000
0.325,0.504,0.164,0.412,1.000
0.482,0.590,0.285,0.354,1.000
0.834,0.528,0.440,0.173,1.000
0.417,0.306,0.128,0.510,1.000
0.732,0.673,0.492,0.709,1.000
0.633,0.521,0.330,0.277,1.000
0.502,0.635,0.319,0.341,1.000
0.515,0.397,0.204,0.511,1.000
0.509,0.309,0.157,0.588,1.000
0.449,0.351,0.158,0.737,1.000
0.415,0.481,0.200,0.520,1.000
0.631,0.344,0.217,0.616,1.000
0.596,0.426,0.254,0.700,1.000
0.485,0.555,0.269,0.831,1.000
0.591,0.230,0.136,0.509,1.000
0.434,0.431,0.187,0.610,1.000
0.318,0.516,0.164,0.627,1.000
0.486,0.419,0.204,0.563,1.000
0.736,0.395,0.291,0.237,1.000
0.659,0.635,0.419,0.444,1.000
0.548,0.359,0.196,0.437,1.000
0.310,0.495,0.153,0.241,1.000
0.476,0.447,0.213,0.388,1.000
0.615,0.584,0.359,0.482,1.000
0.599,0.428,0.256,0.604,1.000
0.388,0.613,0.238,0.495,1.000
0.364,0.585,0.213,0.543,1.000
0.508,0.478,0.243,0.513,1.000
0.639,0.502,0.321,0.351,1.000
0.376,0.566,0.213,0.413,1.000
0.689,0.120,0.083,0.338,1.000
0.401,0.526,0.211,0.792,1.000
0.371,0.339,0.126,0.467,1.000
0.611,0.759,0.464,0.759,1.000
0.521,0.391,0.204,0.406,1.000
0.413,0.672,0.278,0.443,1.000
0.618,0.493,0.305,0.172,1.000
0.628,0.446,0.280,0.578,1.000
0.281,0.448,0.126,0.681,1.000
0.463,0.326,0.151,0.536,1.000
0.318,0.721,0.229,0.689,1.000
0.338,0.481,0.163,0.458,1.000
0.729,0.598,0.436,0.755,1.000
0.439,0.420,0.184,0.779,1.000
0.668,0.563,0.376,0.682,1.000
0.381,0.337,0.128,0.470,1.000
0.331,0.428,0.142,0.437,1.000
0.501,0.539,0.270,0.393,1.000
0.380,0.574,0.218,0.495,1.000
0.453,0.378,0.171,0.481,1.000
0.389,0.664,0.258,0.688,1.000
0.495,0.724,0.358,0.419,1.000
0.478,0.632,0.302,0.452,1.000
0.531,0.569,0.302,0.398,1.000
0.511,0.490,0.250,0.717,1.000
0.398,0.583,0.232,0.669,1.000
0.831,0.592,0.492,0.588,1.000
0.488,0.694,0.339,0.551,1.000
0.556,0.409,0.227,0.533,1.000
0.505,0.467,0.236,0.501,1.000
0.620,0.573,0.355,0.661,1.000
0.594,0.520,0.309,0.343,1.000
0.366,0.576,0.211,0.461,1.000
0.713,0.393,0.280,0.577,1.000
0.392,0.581,0.228,0.422,1.000
0.517,0.434,0.224,0.492,1.000
0.483,0.604,0.291,0.497,1.000
0.287,0.632,0.181,0.546,1.000
0.613,0.346,0.212,0.264,1.000
0.451,0.468,0.211,0.439,1.000
0.446,0.666,0.297,0.463,1.000
0.527,0.710,0.374,0.554,1.000
0.418,0.576,0.241,0.586,1.000
0.637,0.189,0.120,0.336,1.000
0.457,0.602,0.275,0.682,1.000
0.433,0.414,0.179,0.533,1.000
0.403,0.596,0.240,0.664,1.000
0.696,0.456,0.318,0.498,1.000
0.578,0.368,0.213,0.053,1.000
0.609,0.413,0.251,0.425,1.000
0.547,0.477,0.261,0.217,1.000
0.392,0.445,0.175,0.759,1.000
0.426,0.586,0.249,0.663,1.000
0.363,0.438,0.159,0.072,1.000
0.309,0.596,0.184,0.637,1.000
0.370,0.610,0.226,0.612,1.000
0.184,0.601,0.111,0.571,1.000
0.367,0.397,0.145,0.578,1.000
0.417,0.449,0.187,0.340,1.000
0.597,0.421,0.252,0.494,1.000
0.447,0.435,0.195,0.364,1.000
0.349,0.527,0.184,0.762,1.000
0.562,0.343,0.193,0.708,1.000
0.569,0.432,0.246,0.354,1.000
0.458,0.458,0.210,0.135,1.000
0.906,0.352,0.319,0.549,1.000
0.441,0.653,0.288,0.706,1.000
0.646,0.440,0.284,0.566,1.000
0.560,0.318,0.178,0.549,1.000
0.582,0.454,0.264,0.355,1.000
0.427,0.422,0.180,0.613,1.000
0.182,0.607,0.111,0.478,1.000
0.560,0.407,0.228,0.232,1.000
0.561,0.462,0.259,0.413,1.000
0.482,0.447,0.215,0.622,1.000
0.530,0.467,0.247,0.664,1.000
0.410,0.655,0.269,0.335,1.000
0.551,0.565,0.311,0.397,1.000
0.509,0.409,0.208,0.585,1.000
0.567,0.609,0.345,0.460,1.000
0.308,0.668,0.206,0.691,1.000
0.293,0.258,0.076,0.281,1.000
0.480,0.267,0.128,0.600,1.000
0.546,0.665,0.363,0.672,1.000
0.489,0.427,0.209,0.615,1.000
0.441,0.341,0.150,0.629,1.000
0.580,0.661,0.383,0.691,1.000
0.609,0.243,0.148,0.476,1.000
0.532,0.635,0.338,0.357,1.000
0.407,0.565,0.230,0.503,1.000
0.714,0.775,0.554,0.866,1.000
0.349,0.361,0.126,0.590,1.000
0.977,0.724,0.707,0.675,1.000
0.257,0.518,0.133,0.609,1.000
0.745,0.635,0.473,0.438,1.000
0.263,0.539,0.142,0.421,1.000
0.386,0.444,0.171,0.521,1.000
0.473,0.587,0.278,0.452,1.000
0.564,0.651,0.367,0.508,1.000
0.564,0.649,0.366,0.533,1.000
0.586,0.530,0.310,0.604,1.000
0.487,0.407,0.198,0.753,1.000
0.643,0.669,0.430,0.333,1.000
0.328,0.308,0.101,0.420,1.000
0.387,0.688,0.266,0.125,1.000
0.426,0.521,0.222,0.775,1.000
0.474,0.218,0.103,0.667,1.000
0.449,0.697,0.313,0.297,1.000
0.318,0.537,0.171,0.471,1.000
0.620,0.432,0.268,0.481,1.000
0.672,0.348,0.234,0.419,1.000
0.220,0.486,0.107,0.529,1.000
0.542,0.616,0.334,0.516,1.000
0.469,0.564,0.264,0.810,1.000
0.666,0.583,0.388,0.222,1.000
0.218,0.354,0.077,0.702,1.000
0.382,0.618,0.236,0.459,1.000
0.670,0.276,0.185,0.472,1.000
0.514,0.347,0.178,0.289,1.000
0.556,0.628,0.349,0.276,1.000
0.609,0.368,0.224,0.614,1.000
0.530,0.274,0.145,0.514,1.000
0.462,0.689,0.318,0.309,1.000
0.598,0.389,0.233,0.716,1.000
0.349,0.600,0.209,0.518,1.000
0.465,0.560,0.261,0.610,1.000
0.572,0.557,0.319,0.265,1.000
0.364,0.556,0.203,0.753,1.000
0.418,0.509,0.213,0.543,1.000
0.627,0.549,0.344,0.624,1.000
0.459,0.641,0.295,0.598,1.000
0.516,0.360,0.185,0.473,1.000
0.611,0.571,0.349,0.376,1.000
0.475,0.543,0.258,0.752,1.000
0.383,0.435,0.167,0.446,1.000
0.399,0.383,0.153,0.524,1.000
0.408,0.623,0.254,0.595,1.000
0.383,0.484,0.185,0.473,1.000
0.459,0.536,0.246,0.608,1.000
0.522,0.539,0.281,0.543,1.000
0.429,0.363,0.156,0.378,1.000
0.420,0.556,0.233,0.113,1.000
0.461,0.510,0.235,0.734,1.000
0.458,0.710,0.325,0.763,1.000
0.466,0.576,0.269,0.467,1.000
0.345,0.515,0.177,0.644,1.000
0.556,0.509,0.283,0.649,1.000
0.531,0.640,0.340,0.709,1.000
0.296,0.633,0.187,0.872,1.000
0.515,0.540,0.278,0.456,1.000
0.425,0.469,0.199,0.318,1.000
0.610,0.386,0.236,0.485,1.000
0.507,0.312,0.158,0.447,1.000
0.441,0.464,0.204,0.466,1.000
0.616,0.600,0.369,0.380,1.000
0.628,0.366,0.230,0.479,1.000
0.481,0.585,0.281,0.333,1.000
0.528,0.416,0.219,0.863,1.000
0.590,0.443,0.262,0.238,1.000
0.338,0.600,0.203,0.326,1.000
0.576,0.498,0.287,0.451,1.000
0.551,0.418,0.230,0.436,1.000
0.341,0.467,0.159,0.152,1.000
0.431,0.628,0.271,0.553,1.000
0.710,0.528,0.375,0.442,1.000
0.548,0.512,0.280,0.292,1.000
0.580,0.273,0.158,0.399,1.000
0.521,0.597,0.311,0.777,1.000
0.538,0.465,0.250,0.583,1.000
0.613,0.543,0.333,0.725,1.000
0.616,0.753,0.464,0.347,1.000
0.478,0.346,0.165,0.037,1.000
0.515,0.258,0.133,0.572,1.000
0.532,0.449,0.239,0.166,1.000
0.406,0.368,0.149,0.210,1.000
0.685,0.547,0.375,0.519,1.000
0.620,0.559,0.347,0.363,1.000
0.312,0.660,0.206,0.693,1.000
0.463,0.429,0.199,0.418,1.000
0.526,0.580,0.305,0.523,1.000
0.391,0.476,0.186,0.521,1.000
0.623,0.385,0.239,0.688,1.000
0.542,0.318,0.172,0.486,1.000
0.407,0.350,0.142,0.261,1.000
0.393,0.647,0.254,0.843,1.000
0.603,0.711,0.429,0.473,1.000
0.469,0.602,0.282,0.570,1.000
0.500,0.529,0.265,0.304,1.000
0.388,0.666,0.258,0.034,1.000
0.493,0.544,0.268,0.694,1.000
0.488,0.697,0.340,0.810,1.000
0.243,0.643,0.156,0.583,1.000
0.603,0.669,0.404,0.359,1.000
0.512,0.473,0.242,0.551,1.000
0.560,0.452,0.253,0.808,1.000
0.506,0.513,0.260,0.478,1.000
0.479,0.573,0.274,0.485,1.000
0.457,0.478,0.219,0.439,1.000
0.650,0.259,0.168,0.354,1.000
0.536,0.578,0.309,0.516,1.000
0.617,0.424,0.262,0.387,1.000
0.492,0.331,0.163,0.667,1.000
0.544,0.355,0.193,0.499,1.000
0.319,0.536,0.171,0.561,1.000
0.546,0.482,0.263,0.107,1.000
0.326,0.720,0.235,0.416,1.000
0.710,0.586,0.416,0.514,1.000
0.519,0.637,0.331,0.719,1.000
0.670,0.201,0.135,0.593,1.000
0.490,0.418,0.205,0.466,1.000
0.412,0.360,0.148,0.589,1.000
0.443,0.764,0.338,0.245,1.000
0.281,0.447,0.125,0.584,1.000
0.526,0.355,0.187,0.403,1.000
0.606,0.718,0.435,0.752,1.000
0.399,0.400,0.159,0.730,1.000
0.759,0.318,0.241,0.207,1.000
0.658,0.770,0.507,0.328,1.000
0.438,0.600,0.263,0.400,1.000
0.565,0.411,0.232,0.709,1.000
0.464,0.670,0.311,0.168,1.000
0.607,0.605,0.368,0.813,1.000
0.351,0.519,0.182,0.544,1.000
0.680,0.366,0.249,0.339,1.000
0.455,0.520,0.237,0.484,1.000
0.332,0.462,0.153,0.380,1.000
0.504,0.319,0.161,0.672,1.000
0.644,0.573,0.369,0.504,1.000
0.366,0.217,0.079,0.406,1.000
0.318,0.446,0.142,0.491,1.000
0.655,0.777,0.509,0.572,1.000
0.371,0.625,0.232,0.297,1.000
0.587,0.351,0.206,0.540,1.000
0.460,0.307,0.141,0.610,1.000
0.397,0.378,0.150,0.516,1.000
0.849,0.747,0.634,0.736,1.000
0.483,0.658,0.318,0.314,1.000
0.655,0.781,0.511,0.225,1.000
0.527,0.601,0.317,0.357,1.000
0.566,0.378,0.214,0.532,1.000
0.680,0.478,0.325,0.081,1.000
0.551,0.469,0.259,0.730,1.000
0.462,0.569,0.263,0.434,1.000
0.390,0.332,0.129,0.668,1.000
0.626,0.397,0.249,0.471,1.000
0.677,0.689,0.466,0.195,1.000
0.547,0.621,0.340,0.686,1.000
0.533,0.438,0.234,0.443,1.000
0.341,0.651,0.222,0.365,1.000
0.399,0.662,0.264,0.815,1.000
0.616,0.269,0.166,0.612,1.000
0.590,0.617,0.364,0.618,1.000
0.610,0.368,0.224,0.594,1.000
0.305,0.478,0.146,0.447,1.000
0.321,0.549,0.176,0.770,1.000
0.498,0.514,0.256,0.714,1.000
0.555,0.577,0.320,0.029,1.000
0.354,0.423,0.150,0.512,1.000
0.445,0.415,0.184,0.308,1.000
0.599,0.406,0.244,0.264,1.000
0.558,0.453,0.253,0.825,1.000
0.628,0.457,0.287,0.636,1.000
0.563,0.477,0.268,0.609,1.000
0.624,0.505,0.315,0.432,1.000
0.741,0.485,0.359,0.512,1.000
0.377,0.474,0.179,0.431,1.000
0.410,0.439,0.180,0.669,1.000
0.815,0.662,0.540,0.744,1.000
0.632,0.465,0.294,0.509,1.000
0.568,0.295,0.168,0.444,1.000
0.379,0.648,0.245,0.419,1.000
0.433,0.447,0.194,0.479,1.000
0.610,0.634,0.387,0.519,1.000
0.620,0.554,0.343,0.321,1.000
0.503,0.570,0.287,0.604,1.000
0.451,0.571,0.258,0.465,1.000
0.549,0.485,0.266,0.207,1.000
0.726,0.629,0.456,0.635,1.000
0.550,0.542,0.298,0.465,1.000
0.467,0.290,0.135,0.335,1.000
0.609,0.400,0.244,0.417,1.000
0.568,0.235,0.134,0.516,1.000
0.491,0.439,0.215,0.626,1.000
0.420,0.551,0.232,0.642,1.000
0.470,0.409,0.192,0.577,1.000
0.440,0.456,0.201,0.274,1.000
0.527,0.448,0.236,0.473,1.000
0.397,0.520,0.206,0.213,1.000
0.357,0.122,0.043,0.686,1.000
0.473,0.673,0.318,0.386,1.000
0.501,0.440,0.220,0.611,1.000
0.442,0.590,0.261,0.536,1.000
0.411,0.458,0.188,0.410,1.000
0.753,0.484,0.364,0.674,1.000
0.631,0.480,0.303,0.853,1.000
0.493,0.559,0.275,0.676,1.000
0.424,0.366,0.155,0.393,1.000
0.491,0.503,0.247,0.725,1.000
0.548,0.567,0.311,0.463,1.000
0.602,0.428,0.257,0.506,1.000
0.314,0.303,0.095,0.426,1.000
0.403,0.526,0.212,0.708,1.000
0.590,0.534,0.315,0.151,1.000
0.410,0.594,0.243,0.289,1.000
0.522,0.592,0.309,0.462,1.000
0.579,0.504,0.292,0.069,1.000
0.607,0.544,0.330,0.509,1.000
0.464,0.522,0.242,0.694,1.000
0.497,0.484,0.241,0.618,1.000
0.577,0.482,0.278,0.334,1.000
0.328,0.412,0.135,0.499,1.000
0.402,0.443,0.178,0.209,1.000
0.529,0.193,0.102,0.611,1.000
0.519,0.430,0.223,0.710,1.000
0.412,0.478,0.197,0.328,1.000
0.621,0.441,0.274,0.495,1.000
0.545,0.486,0.265,0.615,1.000
0.550,0.668,0.367,0.304,1.000
0.498,0.654,0.326,0.278,1.000
0.449,0.667,0.299,0.280,1.000
0.573,0.597,0.342,0.451,1.000
0.635,0.751,0.477,0.524,1.000
0.309,0.716,0.221,0.188,1.000
0.451,0.456,0.205,0.658,1.000
0.559,0.213,0.119,0.728,1.000
0.595,0.517,0.308,0.517,1.000
0.645,0.683,0.441,0.305,1.000
0.536,0.619,0.332,0.561,1.000
0.501,0.476,0.238,0.447,1.000
0.678,0.520,0.353,0.190,1.000
0.469,0.602,0.282,0.473,1.000
0.428,0.432,0.185,0.649,1.000
0.325,0.474,0.154,0.217,1.000
0.532,0.566,0.301,0.292,1.000
0.316,0.587,0.185,0.598,1.000
0.514,0.651,0.335,0.510,1.000
0.471,0.514,0.242,0.566,1.000
0.505,0.412,0.208,0.525,1.000
0.335,0.607,0.203,0.132,1.000
0.514,0.339,0.174,0.759,1.000
0.554,0.611,0.339,0.535,1.000
0.481,0.505,0.243,0.224,1.000
0.567,0.602,0.341,0.301,1.000
0.422,0.695,0.293,0.239,1.000
0.472,0.505,0.238,0.117,1.000
0.569,0.386,0.220,0.538,1.000
0.542,0.423,0.229,0.369,1.000
0.416,0.409,0.170,0.398,1.000
0.569,0.644,0.366,0.574,1.000
0.588,0.418,0.246,0.608,1.000
0.570,0.510,0.291,0.413,1.000
0.469,0.628,0.295,0.472,1.000
0.754,0.667,0.503,0.137,1.000
0.436,0.227,0.099,0.488,1.000
0.361,0.715,0.258,0.491,1.000
0.368,0.601,0.221,0.666,1.000
0.523,0.455,0.238,0.524,1.000
0.660,0.345,0.228,0.504,1.000
0.731,0.619,0.452,0.275,1.000
0.496,0.361,0.179,0.696,1.000
0.494,0.514,0.254,0.489,1.000
0.549,0.287,0.158,0.602,1.000
0.742,0.703,0.522,0.769,1.000
0.616,0.592,0.364,0.340,1.000
0.530,0.743,0.393,0.461,1.000
0.325,0.617,0.200,0.377,1.000
0.521,0.395,0.206,0.688,1.000
0.732,0.562,0.411,0.582,1.000
0.406,0.449,0.182,0.412,1.000
0.383,0.649,0.248,0.439,1.000
0.280,0.547,0.153,0.431,1.000
0.411,0.746,0.307,0.631,1.000
0.507,0.405,0.206,0.677,1.000
0.610,0.566,0.345,0.563,1.000
0.284,0.435,0.124,0.340,1.000
0.609,0.335,0.204,0.507,1.000
0.492,0.664,0.327,0.455,1.000
0.628,0.536,0.337,0.663,1.000
0.403,0.441,0.178,1.120,1.000
0.717,0.668,0.479,0.347,1.000
0.726,0.474,0.344,0.396,1.000
0.402,0.303,0.122,0.445,1.000
0.627,0.428,0.268,0.303,1.000
0.607,0.499,0.303,0.528,1.000
0.597,0.518,0.309,0.533,1.000
0.577,0.654,0.378,0.556,1.000
0.630,0.522,0.329,0.676,1.000
0.520,0.509,0.265,0.528,1.000
0.488,0.635,0.310,0.239,1.000
0.563,0.270,0.152,0.412,1.000
0.579,0.584,0.338,0.345,1.000
0.633,0.464,0.294,0.375,1.000
0.520,0.514,0.267,0.103,1.000
0.542,0.540,0.292,0.457,1.000
0.462,0.404,0.187,0.301,1.000
0.480,0.759,0.364,0.380,1.000
0.436,0.822,0.358,0.282,1.000
0.212,0.637,0.135,0.678,1.000
0.324,0.363,0.117,0.298,1.000
0.452,0.423,0.191,0.282,1.000
0.355,0.602,0.214,0.560,1.000
0.372,0.559,0.208,0.200,1.000
0.603,0.767,0.463,0.606,1.000
0.704,0.427,0.300,0.381,1.000
0.437,0.417,0.182,0.255,1.000
0.643,0.446,0.286,0.497,1.000
0.376,0.498,0.187,0.629,1.000
0.617,0.464,0.286,0.120,1.000
0.410,0.437,0.179,0.563,1.000
0.491,0.716,0.352,0.343,1.000
0.535,0.514,0.275,0.333,1.000
0.506,0.608,0.307,0.657,1.000
0.482,0.345,0.166,0.433,1.000
0.604,0.360,0.218,0.547,1.000
0.309,0.499,0.154,0.607,1.000
0.458,0.342,0.157,0.439,1.000
0.648,0.495,0.321,0.308,1.000
0.555,0.468,0.260,0.421,1.000
0.701,0.551,0.386,0.575,1.000
0.578,0.311,0.180,0.312,1.000
0.527,0.275,0.145,0.606,1.000
0.495,0.735,0.364,0.605,1.000
0.397,0.215,0.085,0.628,1.000
0.275,0.419,0.115,0.412,1.000
0.508,0.184,0.093,0.293,1.000
0.615,0.657,0.404,0.440,1.000
0.530,0.646,0.342,0.507,1.000
0.603,0.371,0.223,0.417,1.000
0.487,0.492,0.240,0.360,1.000
0.540,0.581,0.314,0.398,1.000
0.315,0.447,0.141,0.240,1.000
0.303,0.654,0.198,0.734,1.000
0.428,0.434,0.186,0.726,1.000
0.572,0.333,0.190,0.364,1.000
0.558,0.369,0.206,0.461,1.000
0.526,0.468,0.246,0.220,1.000
0.431,0.346,0.149,0.336,1.000
0.420,0.438,0.184,0.862,1.000
0.519,0.415,0.215,0.536,1.000
0.331,0.644,0.213,0.055,1.000
0.719,0.596,0.428,0.980,1.000
0.400,0.642,0.257,0.499,1.000
0.517,0.471,0.243,0.638,1.000
0.464,0.564,0.262,0.354,1.000
0.537,0.293,0.157,0.336,1.000
0.568,0.438,0.248,0.601,1.000
0.608,0.365,0.222,0.732,1.000
0.555,0.616,0.342,0.610,1.000
0.476,0.588,0.280,0.729,1.000
0.480,0.616,0.296,0.329,1.000
0.491,0.639,0.313,0.512,1.000
0.542,0.495,0.268,0.388,1.000
0.588,0.379,0.223,0.420,1.000
0.344,0.683,0.235,0.540,1.000
0.402,0.425,0.171,0.591,1.000
0.370,0.244,0.090,0.577,1.000
0.546,0.583,0.318,0.438,1.000
0.565,0.333,0.188,0.285,1.000
0.547,0.663,0.363,0.435,1.000
0.478,0.256,0.122,0.465,1.000
0.586,0.603,0.354,0.635,1.000
0.560,0.522,0.292,0.377,1.000
0.472,0.432,0.204,0.367,1.000
0.665,0.599,0.399,0.336,1.000
0.517,0.490,0.253,0.607,1.000
0.529,0.427,0.226,0.593,1.000
0.455,0.566,0.258,0.584,1.000
0.400,0.455,0.182,0.440,1.000
0.308,0.423,0.130,0.643,1.000
0.598,0.645,0.386,0.587,1.000
0.480,0.619,0.297,0.478,1.000
0.709,0.433,0.307,0.589,1.000
0.570,0.204,0.116,0.409,1.000
0.553,0.538,0.297,0.621,1.000
0.224,0.430,0.096,0.482,1.000
0.569,0.433,0.246,0.640,1.000
0.348,0.549,0.191,0.274,1.000
0.400,0.794,0.318,0.221,1.000
0.445,0.711,0.317,0.578,1.000
0.583,0.329,0.192,0.472,1.000
0.643,0.320,0.206,0.651,1.000
0.538,0.563,0.303,0.602,1.000
0.541,0.487,0.263,0.442,1.000
0.550,0.472,0.259,0.534,1.000
0.309,0.274,0.085,0.368,1.000
0.545,0.330,0.180,0.299,1.000
0.353,0.694,0.245,0.502,1.000
0.464,0.447,0.207,0.505,1.000
0.672,0.390,0.262,0.568,1.000
0.430,0.326,0.140,0.874,1.000
0.670,0.448,0.300,0.814,1.000
0.647,0.465,0.301,0.632,1.000
0.669,0.651,0.436,0.394,1.000
0.709,0.655,0.464,0.556,1.000
0.671,0.705,0.473,0.485,1.000
0.514,0.609,0.313,0.642,1.000
0.641,0.360,0.231,0.394,1.000
0.642,0.670,0.430,0.362,1.000
0.441,0.722,0.319,0.634,1.000
0.408,0.512,0.209,0.609,1.000
0.545,0.354,0.193,0.681,1.000
0.407,0.577,0.235,0.300,1.000
0.483,0.383,0.185,0.460,1.000
0.337,0.319,0.108,0.613,1.000
0.554,0.621,0.344,0.742,1.000
0.299,0.324,0.097,0.347,1.000
0.534,0.561,0.299,0.259,1.000
0.425,0.407,0.173,0.531,1.000
0.521,0.686,0.358,0.702,1.000
0.476,0.391,0.186,0.450,1.000
0.450,0.705,0.317,0.472,1.000
0.484,0.627,0.303,0.645,1.000
0.291,0.680,0.198,0.610,1.000
0.610,0.494,0.301,0.820,1.000
0.449,0.707,0.318,0.395,1.000
0.480,0.481,0.231,1.005,1.000
0.408,0.396,0.161,0.331,1.000
0.453,0.783,0.355,0.309,1.000
0.402,0.666,0.268,0.515,1.000
0.537,0.569,0.305,0.506,1.000
0.724,0.596,0.432,0.515,1.000
0.618,0.545,0.337,0.493,1.000
0.424,0.480,0.203,0.274,1.000
0.706,0.649,0.458,0.371,1.000
0.585,0.532,0.311,0.647,1.000
0.387,0.554,0.215,0.623,1.000
0.526,0.522,0.275,0.303,1.000
0.471,0.719,0.339,0.536,1.000
0.619,0.401,0.248,0.579,1.000
0.569,0.483,0.275,0.411,1.000
0.597,0.629,0.375,0.512,1.000
0.383,0.577,0.221,0.464,1.000
0.720,0.548,0.394,0.427,1.000
0.400,0.677,0.271,0.703,1.000
0.735,0.531,0.390,0.283,1.000
0.646,0.595,0.384,0.602,1.000
0.610,0.504,0.308,0.390,1.000
0.479,0.544,0.261,0.612,1.000
0.394,0.544,0.214,0.415,1.000
0.352,0.417,0.147,0.502,1.000
0.430,0.498,0.214,0.435,1.000
0.491,0.644,0.316,0.739,1.000
0.511,0.379,0.194,0.428,1.000
0.500,0.714,0.357,0.433,1.000
0.440,0.483,0.212,0.498,1.000
0.586,0.455,0.267,0.692,1.000
0.644,0.458,0.295,0.427,1.000
0.700,0.522,0.365,0.700,1.000
0.689,0.642,0.442,0.526,1.000
0.404,0.544,0.220,0.224,1.000
0.591,0.773,0.457,0.426,1.000
0.550,0.277,0.153,0.614,1.000
0.294,0.536,0.158,0.505,1.000
0.487,0.614,0.299,0.488,1.000
0.491,0.437,0.214,0.533,1.000
0.445,0.435,0.193,0.518,1.000
0.427,0.388,0.165,0.389,1.000
0.608,0.364,0.221,0.527,1.000
0.554,0.460,0.255,0.281,1.000
0.446,0.449,0.200,0.523,1.000
0.649,0.570,0.370,0.416,1.000
0.467,0.437,0.204,0.535,1.000
0.538,0.605,0.325,0.444,1.000
0.529,0.490,0.259,0.565,1.000
0.601,0.521,0.313,0.500,1.000
0.488,0.630,0.308,0.468,1.000
0.563,0.539,0.304,0.557,1.000
0.434,0.610,0.265,0.981,1.000
0.527,0.368,0.194,0.608,1.000
0.476,0.592,0.282,0.584,1.000
0.363,0.302,0.110,0.475,1.000
0.499,0.646,0.322,0.453,1.000
0.627,0.408,0.256,0.739,1.000
0.526,0.436,0.229,0.418,1.000
0.701,0.593,0.416,0.609,1.000
0.581,0.410,0.239,0.665,1.000
0.744,0.515,0.383,0.516,1.000
0.415,0.487,0.202,0.621,1.000
0.580,0.706,0.409,0.475,1.000
0.532,0.430,0.229,0.789,1.000
0.289,0.501,0.145,0.780,1.000
0.336,0.557,0.187,0.534,1.000
0.586,0.510,0.299,0.529,1.000
0.499,0.387,0.193,0.453,1.000
0.663,0.469,0.311,0.608,1.000
0.515,0.342,0.176,0.409,1.000
0.449,0.568,0.255,0.739,1.000
0.667,0.425,0.284,0.539,1.000
0.618,0.260,0.161,0.304,1.000
0.487,0.566,0.276,0.473,1.000
0.562,0.277,0.156,0.490,1.000
0.430,0.546,0.235,0.409,1.000
0.482,0.082,0.039,0.400,1.000
0.706,0.401,0.283,0.411,1.000
0.625,0.606,0.379,0.142,1.000
0.554,0.403,0.223,0.423,1.000
0.224,0.445,0.100,0.599,1.000
0.486,0.454,0.221,0.227,1.000
0.547,0.493,0.270,0.237,1.000
0.486,0.440,0.214,0.396,1.000
0.445,0.605,0.270,0.326,1.000
0.573,0.376,0.215,0.386,1.000
0.425,0.284,0.120,0.859,1.000
0.383,0.547,0.210,0.572,1.000
0.399,0.503,0.201,0.445,1.000
0.427,0.486,0.207,0.548,1.000
0.603,0.678,0.409,0.543,1.000
0.520,0.357,0.186,0.675,1.000
0.350,0.477,0.167,0.435,1.000
0.120,0.456,0.055,0.556,1.000
0.543,0.676,0.367,0.479,1.000
0.438,0.693,0.304,0.151,1.000
0.473,0.261,0.124,0.656,1.000
0.571,0.443,0.253,0.559,1.000
0.522,0.276,0.144,0.607,1.000
0.431,0.369,0.159,0.358,1.000
0.788,0.188,0.148,0.415,1.000
0.469,0.524,0.246,0.252,1.000
0.527,0.445,0.235,0.914,1.000
0.427,0.670,0.286,0.649,1.000
0.436,0.384,0.167,0.312,1.000
0.467,0.475,0.222,0.240,1.000
0.287,0.285,0.082,0.452,1.000
0.639,0.438,0.280,0.495,1.000
0.557,0.642,0.358,0.343,1.000
0.440,0.454,0.200,0.531,1.000
0.601,0.408,0.246,0.353,1.000
0.542,0.402,0.218,0.532,1.000
0.518,0.377,0.195,0.670,1.000
0.499,0.492,0.245,0.178,1.000
0.359,0.609,0.218,0.217,1.000
0.699,0.561,0.392,0.216,1.000
0.574,0.432,0.248,0.364,1.000
0.167,0.473,0.079,0.646,1.000
0.682,0.457,0.312,0.451,1.000
0.638,0.321,0.204,0.490,1.000
0.350,0.420,0.147,0.365,1.000
0.508,0.632,0.321,0.309,1.000
0.550,0.410,0.226,0.305,1.000
0.620,0.534,0.331,0.603,1.000
0.392,0.625,0.245,0.331,1.000
0.713,0.571,0.408,0.627,1.000
0.555,0.362,0.201,0.458,1.000
0.395,0.573,0.226,0.455,1.000
0.559,0.527,0.295,0.212,1.000
0.565,0.580,0.328,0.542,1.000
0.740,0.570,0.422,0.351,1.000
0.476,0.507,0.242,0.475,1.000
0.386,0.527,0.204,0.559,1.000
0.521,0.552,0.288,0.720,1.000
0.628,0.403,0.253,0.598,1.000
0.531,0.593,0.314,0.448,1.000
0.746,0.627,0.468,0.554,1.000
0.525,0.475,0.249,0.601,1.000
0.536,0.494,0.265,0.879,1.000
0.490,0.508,0.249,0.407,1.000
0.704,0.436,0.307,0.476,1.000
0.486,0.533,0.259,0.836,1.000
0.545,0.553,0.302,0.713,1.000
0.405,0.615,0.249,0.737,1.000
0.375,0.562,0.211,0.696,1.000
0.722,0.711,0.513,0.577,1.000
0.515,0.640,0.329,0.299,1.000
0.356,0.636,0.226,0.772,1.000
0.540,0.301,0.162,0.608,1.000
0.732,0.612,0.449,0.261,1.000
0.775,0.319,0.247,0.651,1.000
0.432,0.456,0.197,-0.015,1.000
0.565,0.344,0.195,0.465,1.000
0.759,0.480,0.364,0.479,1.000
0.429,0.491,0.211,0.374,1.000
0.476,0.659,0.313,0.660,1.000
0.427,0.418,0.179,0.423,1.000
0.390,0.664,0.259,0.401,1.000
0.505,0.619,0.312,0.576,1.000
0.490,0.310,0.152,0.564,1.000
0.141,0.453,0.064,0.479,1.000
0.827,0.497,0.411,0.642,1.000
0.504,0.571,0.288,0.817,1.000
0.282,0.359,0.101,0.801,1.000
0.714,0.458,0.327,0.675,1.000
0.365,0.484,0.177,0.340,1.000
0.650,0.273,0.178,0.248,1.000
0.517,0.329,0.170,0.364,1.000
0.386,0.705,0.272,0.572,1.000
0.667,0.414,0.276,0.455,1.000
0.562,0.390,0.219,0.451,1.000
0.559,0.587,0.329,0.451,1.000
0.402,0.627,0.252,0.397,1.000
0.630,0.744,0.468,0.335,1.000
0.679,0.187,0.127,0.646,1.000
0.733,0.354,0.260,0.475,1.000
0.500,0.264,0.132,0.604,1.000
0.388,0.349,0.135,0.632,1.000
0.502,0.201,0.101,0.400,1.000
0.410,0.541,0.222,0.733,1.000
0.317,0.305,0.097,0.383,1.000
0.333,0.494,0.164,0.668,1.000
0.743,0.528,0.392,0.414,1.000
0.552,0.457,0.253,0.508,1.000
0.658,0.349,0.229,0.425,1.000
0.405,0.290,0.117,0.176,1.000
0.390,0.575,0.224,0.341,1.000
0.404,0.510,0.206,0.416,1.000
0.358,0.358,0.128,0.591,1.000
0.618,0.489,0.302,0.359,1.000
0.416,0.492,0.205,0.739,1.000
0.476,0.558,0.266,0.599,1.000
0.306,0.546,0.167,0.514,1.000
0.518,0.686,0.356,0.401,1.000
0.631,0.490,0.309,0.298,1.000
0.410,0.463,0.190,0.194,1.000
0.641,0.410,0.263,0.626,1.000
0.653,0.512,0.334,0.548,1.000
0.424,0.570,0.242,0.330,1.000
0.401,0.525,0.211,0.724,1.000
0.477,0.521,0.249,0.462,1.000
0.533,0.464,0.247,0.782,1.000
0.484,0.481,0.233,0.625,1.000
0.800,0.386,0.309,0.546,1.000
0.495,0.555,0.275,0.682,1.000
0.485,0.448,0.217,0.379,1.000
0.378,0.673,0.254,0.638,1.000
0.343,0.694,0.238,0.563,1.000
0.396,0.261,0.103,0.623,1.000
0.350,0.426,0.149,0.536,1.000
0.223,0.402,0.090,0.251,1.000
0.389,0.442,0.172,0.288,1.000
0.539,0.666,0.359,0.621,1.000
0.432,0.442,0.191,0.710,1.000
0.442,0.615,0.272,0.367,1.000
0.366,0.654,0.240,0.380,1.000
0.587,0.391,0.230,0.395,1.000
0.445,0.545,0.243,0.529,1.000
0.470,0.734,0.345,0.610,1.000
0.774,0.565,0.438,0.353,1.000
0.300,0.326,0.098,0.381,1.000
0.410,0.505,0.207,0.595,1.000
0.441,0.669,0.295,0.394,1.000
0.541,0.482,0.261,0.198,1.000
0.535,0.557,0.298,0.514,1.000
0.411,0.442,0.181,0.502,1.000
0.751,0.470,0.353,0.629,1.000
0.442,0.695,0.307,0.645,1.000
0.695,0.599,0.416,0.493,1.000
0.404,0.289,0.117,0.445,1.000
0.582,0.331,0.193,0.642,1.000
0.598,0.580,0.347,0.483,1.000
0.442,0.452,0.200,0.511,1.000
0.456,0.688,0.313,0.163,1.000
0.446,0.625,0.278,0.681,1.000
0.427,0.520,0.222,0.701,1.000
0.641,0.467,0.299,0.614,1.000
0.251,0.555,0.139,0.304,1.000
0.431,0.456,0.196,0.556,1.000
0.422,0.588,0.248,0.526,1.000
0.575,0.462,0.266,0.564,1.000
0.411,0.466,0.192,0.361,1.000
0.474,0.605,0.287,0.702,1.000
0.529,0.427,0.226,0.627,1.000
0.618,0.482,0.298,0.720,1.000
0.474,0.610,0.289,0.510,1.000
0.706,0.652,0.460,0.682,1.000
0.623,0.604,0.376,0.261,1.000
0.664,0.152,0.101,0.334,1.000
0.496,0.439,0.218,0.441,1.000
0.520,0.455,0.237,0.245,1.000
0.813,0.463,0.376,0.601,1.000
0.424,0.577,0.245,0.624,1.000
0.412,0.436,0.180,0.300,1.000
0.804,0.631,0.507,0.402,1.000
0.731,0.763,0.558,0.599,1.000
0.540,0.411,0.222,0.326,1.000
0.401,0.487,0.195,0.414,1.000
0.521,0.448,0.233,0.383,1.000
0.619,0.702,0.435,0.433,1.000
0.578,0.499,0.289,0.529,1.000
0.726,0.408,0.297,0.803,1.000
0.518,0.727,0.377,0.569,1.000
0.528,0.484,0.255,0.362,1.000
0.471,0.504,0.237,0.579,1.000
0.579,0.770,0.445,0.429,1.000
0.791,0.428,0.339,0.718,1.000
0.581,0.753,0.438,0.506,1.000
0.561,0.441,0.247,0.611,1.000
0.366,0.368,0.134,0.537,1.000
0.643,0.422,0.271,0.446,1.000
0.423,0.249,0.105,0.393,1.000
0.525,0.581,0.305,0.568,1.000
0.655,0.573,0.375,0.344,1.000
0.234,0.701,0.164,0.708,1.000
0.511,0.396,0.202,0.374,1.000
0.562,0.503,0.282,0.403,1.000
0.547,0.539,0.295,0.686,1.000
0.627,0.292,0.183,0.558,1.000
0.539,0.742,0.400,0.602,1.000
0.634,0.764,0.484,0.136,1.000
0.531,0.335,0.178,0.494,1.000
0.443,0.474,0.210,0.476,1.000
0.165,0.486,0.080,0.160,1.000
0.420,0.601,0.252,0.395,1.000
0.559,0.597,0.333,0.648,1.000
0.659,0.512,0.338,0.309,1.000
0.484,0.459,0.222,0.599,1.000
0.741,0.298,0.221,0.622,1.000
0.424,0.442,0.187,0.824,1.000
0.678,0.536,0.364,0.775,1.000
0.447,0.379,0.169,0.699,1.000
0.445,0.403,0.179,0.604,1.000
0.440,0.530,0.233,0.636,1.000
0.381,0.514,0.196,0.694,1.000
0.241,0.668,0.161,0.288,1.000
0.509,0.516,0.262,0.489,1.000
0.531,0.552,0.293,0.527,1.000
0.593,0.533,0.316,0.440,1.000
0.686,0.221,0.151,-0.111,1.000
0.597,0.508,0.303,0.619,1.000
0.549,0.536,0.294,0.421,1.000
0.460,0.493,0.227,0.436,1.000
0.470,0.371,0.175,0.969,1.000
0.349,0.414,0.144,0.049,1.000
0.539,0.217,0.117,0.556,1.000
0.300,0.470,0.141,0.496,1.000
0.767,0.588,0.451,0.536,1.000
0.500,0.410,0.205,0.766,1.000
0.617,0.502,0.310,0.323,1.000
0.652,0.339,0.221,0.725,1.000
0.371,0.469,0.174,0.659,1.000
0.378,0.453,0.172,0.516,1.000
0.493,0.634,0.313,0.671,1.000
0.398,0.609,0.243,0.407,1.000
0.382,0.493,0.188,0.589,1.000
0.374,0.646,0.242,0.551,1.000
0.159,0.693,0.110,0.495,1.000
0.519,0.398,0.207,0.318,1.000
0.573,0.399,0.229,0.392,1.000
0.728,0.699,0.509,0.517,1.000
0.471,0.348,0.164,0.226,1.000
0.429,0.759,0.326,0.829,1.000
0.439,0.605,0.265,0.346,1.000
0.424,0.615,0.261,0.314,1.000
0.637,0.514,0.327,0.551,1.000
0.693,0.279,0.193,0.589,1.000
0.538,0.538,0.289,0.550,1.000
0.739,0.298,0.220,0.492,1.000
0.600,0.468,0.280,0.493,1.000
0.340,0.333,0.113,0.478,1.000
0.602,0.566,0.341,0.459,1.000
0.630,0.623,0.393,0.494,1.000
0.434,0.404,0.175,0.517,1.000
0.224,0.628,0.141,0.772,1.000
0.732,0.381,0.279,0.526,1.000
0.281,0.330,0.093,0.177,1.000
0.528,0.560,0.295,0.430,1.000
0.525,0.368,0.193,0.531,1.000
0.342,0.521,0.178,0.798,1.000
0.739,0.390,0.288,0.556,1.000
0.429,0.551,0.236,0.536,1.000
0.713,0.535,0.381,0.623,1.000
0.387,0.561,0.217,0.367,1.000
0.529,0.678,0.359,0.321,1.000
0.414,0.326,0.135,0.432,1.000
0.395,0.511,0.202,0.404,1.000
0.531,0.631,0.335,0.499,1.000
0.393,0.534,0.210,0.270,1.000
0.524,0.537,0.281,0.451,1.000
0.637,0.564,0.359,0.442,1.000
0.397,0.386,0.153,0.630,1.000
0.531,0.574,0.305,0.338,1.000
0.499,0.681,0.340,0.662,1.000
0.343,0.455,0.156,0.824,1.000
0.426,0.458,0.195,0.508,1.000
0.756,0.380,0.288,0.251,1.000
0.308,0.461,0.142,0.565,1.000
0.525,0.431,0.226,0.113,1.000
0.559,0.584,0.326,0.343,1.000
0.551,0.780,0.430,0.341,1.000
0.402,0.552,0.222,0.762,1.000
0.335,0.379,0.127,0.433,1.000
0.645,0.291,0.187,0.442,1.000
0.370,0.482,0.178,0.480,1.000
0.543,0.468,0.254,0.282,1.000
0.585,0.419,0.245,0.474,1.000
0.515,0.590,0.304,0.502,1.000
0.375,0.713,0.267,-0.095,1.000
0.324,0.724,0.235,0.703,1.000
0.490,0.304,0.149,0.586,1.000
0.345,0.436,0.150,0.512,1.000
0.424,0.564,0.239,0.354,1.000
0.435,0.340,0.148,0.419,1.000
0.626,0.557,0.349,0.647,1.000
0.609,0.590,0.359,0.509,1.000
0.517,0.566,0.293,0.366,1.000
0.568,0.561,0.319,0.606,1.000
0.655,0.539,0.353,0.497,1.000
0.397,0.712,0.282,0.529,1.000
0.572,0.549,0.314,0.512,1.000
0.442,0.333,0.147,0.523,1.000
0.572,0.496,0.284,0.236,1.000
0.507,0.480,0.243,0.250,1.000
0.460,0.243,0.112,0.654,1.000
0.808,0.302,0.244,0.663,1.000
0.496,0.461,0.229,0.313,1.000
0.555,0.404,0.225,0.391,1.000
0.569,0.400,0.228,0.323,1.000
0.380,0.606,0.231,0.761,1.000
0.351,0.563,0.198,0.424,1.000
0.419,0.418,0.175,0.640,1.000
0.486,0.480,0.233,0.452,1.000
0.560,0.796,0.446,0.519,1.000
0.501,0.611,0.306,0.551,1.000
0.451,0.558,0.251,0.659,1.000
0.486,0.780,0.379,0.913,1.000
0.547,0.636,0.348,0.873,1.000
0.411,0.383,0.157,0.637,1.000
0.570,0.471,0.268,0.466,1.000
0.726,0.525,0.382,0.394,1.000
0.505,0.316,0.160,0.255,1.000
0.539,0.463,0.249,0.401,1.000
0.453,0.434,0.197,0.327,1.000
0.524,0.577,0.302,0.610,1.000
0.596,0.378,0.225,0.418,1.000
0.448,0.714,0.320,0.590,1.000
0.431,0.409,0.177,0.335,1.000
0.477,0.277,0.132,0.393,1.000
0.625,0.581,0.363,0.817,1.000
0.596,0.485,0.289,0.596,1.000
0.333,0.497,0.166,0.517,1.000
0.267,0.370,0.099,0.316,1.000
0.612,0.510,0.312,0.735,1.000
0.508,0.489,0.248,0.307,1.000
0.590,0.345,0.204,0.640,1.000
0.559,0.593,0.332,0.806,1.000
0.153,0.445,0.068,0.385,1.000
0.465,0.553,0.257,0.618,1.000
0.358,0.737,0.264,0.539,1.000
0.645,0.678,0.437,1.066,1.000
0.668,0.346,0.231,0.604,1.000
0.577,0.526,0.304,0.501,1.000
0.395,0.539,0.213,0.531,1.000
0.706,0.623,0.440,0.438,1.000
0.726,0.443,0.321,0.484,1.000
0.438,0.611,0.268,0.482,1.000
0.529,0.674,0.357,0.358,1.000
0.499,0.903,0.451,0.672,1.000
0.201,0.410,0.083,0.507,1.000
0.466,0.384,0.179,0.502,1.000
0.477,0.566,0.270,0.038,1.000
0.513,0.538,0.276,0.663,1.000
0.329,0.450,0.148,0.596,1.000
0.407,0.415,0.169,0.845,1.000
0.651,0.640,0.416,0.531,1.000
0.234,1.006,0.235,0.435,1.000
0.430,0.336,0.145,0.382,1.000
0.262,0.629,0.165,0.501,1.000
0.413,0.411,0.170,0.390,1.000
0.457,0.679,0.310,0.269,1.000
0.553,0.721,0.398,0.670,1.000
0.527,0.384,0.202,0.669,1.000
0.645,0.592,0.382,0.603,1.000
0.416,0.462,0.192,0.585,1.000
0.437,0.570,0.249,0.608,1.000
0.444,0.301,0.134,0.704,1.000
0.808,0.618,0.500,0.495,1.000
0.554,0.615,0.341,0.859,1.000
0.466,0.514,0.240,0.781,1.000
0.561,0.683,0.383,0.506,1.000
0.412,0.578,0.238,0.411,1.000
0.443,0.532,0.236,0.502,1.000
0.559,0.618,0.345,0.543,1.000
0.381,0.528,0.201,0.275,1.000
0.302,0.527,0.159,0.638,1.000
0.718,0.534,0.383,0.534,1.000
0.208,0.609,0.126,0.467,1.000
0.542,0.547,0.297,0.348,1.000
0.641,0.747,0.479,0.520,1.000
0.446,0.477,0.213,0.168,1.000
0.527,0.512,0.270,0.627,1.000
0.556,0.672,0.373,0.346,1.000
0.507,0.559,0.283,0.525,1.000
0.422,0.444,0.187,0.195,1.000
0.231,0.432,0.100,0.465,1.000
0.611,0.403,0.246,0.568,1.000
0.432,0.639,0.276,0.824,1.000
0.461,0.540,0.249,0.552,1.000
0.648,0.529,0.342,0.545,1.000
0.544,0.486,0.264,0.601,1.000
0.556,0.360,0.200,0.324,1.000
0.393,0.266,0.104,0.463,1.000
0.452,0.458,0.207,0.555,1.000
0.682,0.594,0.406,0.582,1.000
0.630,0.353,0.222,0.661,1.000
0.620,0.525,0.326,0.559,1.000
0.297,0.488,0.145,0.374,1.000
0.467,0.617,0.288,0.609,1.000
0.362,0.466,0.169,0.753,1.000
0.764,0.227,0.174,0.584,1.000
0.297,0.645,0.191,0.413,1.000
0.306,0.594,0.182,0.147,1.000
0.387,0.590,0.228,0.522,1.000
0.461,0.520,0.240,0.537,1.000
0.563,0.546,0.307,0.320,1.000
0.299,0.356,0.107,0.446,1.000
0.544,0.436,0.237,0.423,1.000
0.448,0.307,0.137,0.552,1.000
0.424,0.398,0.169,0.624,1.000
0.500,0.324,0.162,0.566,1.000
0.616,0.620,0.382,0.356,1.000
0.791,0.486,0.384,0.414,1.000
0.618,0.552,0.341,0.421,1.000
0.560,0.451,0.253,0.658,1.000
0.532,0.416,0.221,0.772,1.000
0.553,0.478,0.264,0.367,1.000
0.504,0.490,0.247,0.261,1.000
0.562,0.705,0.396,0.903,1.000
0.487,0.528,0.258,0.733,1.000
0.385,0.515,0.198,0.495,1.000
0.269,0.445,0.120,0.508,1.000
0.508,0.374,0.190,0.412,1.000
0.572,0.496,0.284,0.526,1.000
0.477,0.568,0.271,0.669,1.000
0.341,0.501,0.171,0.703,1.000
0.348,0.528,0.184,0.307,1.000
0.591,0.717,0.424,0.534,1.000
0.194,0.454,0.088,0.732,1.000
0.379,0.685,0.260,0.496,1.000
0.391,0.784,0.306,0.434,1.000
0.443,0.493,0.218,0.087,1.000
0.430,0.473,0.203,0.549,1.000
0.779,0.368,0.287,0.429,1.000
0.321,0.452,0.145,0.722,1.000
0.502,0.627,0.315,0.671,1.000
0.527,0.529,0.278,0.369,1.000
0.481,0.420,0.202,0.675,1.000
0.274,0.499,0.137,0.558,1.000
0.487,0.416,0.203,0.608,1.000
0.441,0.377,0.166,0.161,1.000
0.312,0.588,0.184,0.395,1.000
0.495,0.323,0.160,0.326,1.000
0.643,0.573,0.369,0.638,1.000
0.542,0.325,0.176,0.705,1.000
0.488,0.410,0.200,0.740,1.000
0.297,0.540,0.160,0.384,1.000
0.502,0.634,0.319,0.529,1.000
0.537,0.366,0.197,0.576,1.000
0.729,0.414,0.302,0.386,1.000
0.370,0.498,0.184,0.645,1.000
0.665,0.576,0.383,0.600,1.000
0.506,0.560,0.283,0.379,1.000
0.521,0.568,0.296,0.569,1.000
0.550,0.325,0.179,0.369,1.000
0.564,0.518,0.292,0.777,1.000
0.587,0.302,0.177,0.557,1.000
0.478,0.576,0.276,0.814,1.000
0.628,0.609,0.383,0.516,1.000
0.180,0.395,0.071,0.460,1.000
0.217,0.430,0.094,0.684,1.000
0.388,0.523,0.203,0.671,1.000
0.570,0.385,0.219,0.432,1.000
0.455,0.388,0.176,0.560,1.000
0.317,0.438,0.139,0.616,1.000
0.384,0.467,0.179,0.645,1.000
0.611,0.187,0.114,0.558,1.000
0.526,0.547,0.288,0.495,1.000
0.452,0.565,0.255,0.595,1.000
0.504,0.436,0.220,0.312,1.000
0.358,0.644,0.231,0.617,1.000
0.270,0.516,0.139,0.273,1.000
0.441,0.388,0.171,0.212,1.000
0.326,0.246,0.080,0.557,1.000
0.590,0.378,0.223,0.308,1.000
0.439,0.487,0.214,0.428,1.000
0.546,0.585,0.319,0.762,1.000
0.542,0.743,0.403,0.387,1.000
0.434,0.508,0.220,0.653,1.000
0.466,0.511,0.238,0.317,1.000
0.718,0.579,0.416,0.321,1.000
0.339,0.568,0.193,0.387,1.000
0.233,0.395,0.092,0.498,1.000
0.350,0.671,0.235,0.331,1.000
0.440,0.445,0.196,0.791,1.000
0.636,0.484,0.308,0.691,1.000
0.464,0.723,0.335,0.450,1.000
0.318,0.656,0.209,0.233,1.000
0.353,0.480,0.169,0.523,1.000
0.442,0.548,0.242,0.492,1.000
0.579,0.545,0.316,0.570,1.000
0.505,0.572,0.289,0.498,1.000
0.433,0.470,0.203,0.643,1.000
0.403,0.545,0.220,0.400,1.000
0.523,0.577,0.302,0.551,1.000
0.539,0.637,0.343,0.415,1.000
0.523,0.332,0.174,0.493,1.000
0.286,0.415,0.119,0.390,1.000
0.575,0.463,0.266,0.564,1.000
0.588,0.643,0.378,0.805,1.000
0.502,0.667,0.335,0.701,1.000
0.536,0.751,0.402,0.292,1.000
0.650,0.542,0.352,0.562,1.000
0.444,0.436,0.194,0.413,1.000
0.421,0.567,0.238,0.476,1.000
0.586,0.657,0.385,0.491,1.000
0.404,0.541,0.218,0.261,1.000
0.465,0.407,0.189,0.449,1.000
0.486,0.392,0.191,0.482,1.000
0.592,0.248,0.147,0.491,1.000
0.373,0.544,0.203,0.191,1.000
0.530,0.569,0.302,0.744,1.000
0.427,0.640,0.273,0.662,1.000
0.587,0.494,0.290,0.421,1.000
0.621,0.753,0.467,0.680,1.000
0.748,0.517,0.387,0.383,1.000
0.591,0.390,0.230,0.433,1.000
0.588,0.464,0.273,0.502,1.000
0.376,0.493,0.185,0.534,1.000
0.597,0.427,0.255,0.565,1.000
0.518,0.417,0.216,0.519,1.000
0.583,0.488,0.285,0.727,1.000
0.485,0.458,0.222,0.659,1.000
0.563,0.447,0.252,0.410,1.000
0.541,0.476,0.258,0.553,1.000
0.331,0.572,0.189,0.370,1.000
0.593,0.650,0.385,0.601,1.000
0.494,0.467,0.231,0.605,1.000
0.542,0.656,0.356,0.267,1.000
0.225,0.529,0.119,0.525,1.000
0.354,0.513,0.181,0.421,1.000
0.583,0.601,0.350,0.198,1.000
0.664,0.562,0.373,0.075,1.000
0.556,0.243,0.135,0.638,1.000
0.181,0.502,0.091,0.353,1.000
0.489,0.346,0.169,0.596,1.000
0.644,0.463,0.299,0.239,1.000
0.637,0.344,0.219,0.704,1.000
0.569,0.531,0.302,0.540,1.000
0.611,0.541,0.331,0.365,1.000
0.339,0.477,0.162,0.462,1.000
0.470,0.466,0.219,0.640,1.000
0.457,0.651,0.298,0.632,1.000
0.510,0.308,0.157,0.584,1.000
0.182,0.601,0.109,0.616,1.000
0.502,0.487,0.244,0.301,1.000
0.574,0.488,0.280,0.620,1.000
0.458,0.474,0.217,0.125,1.000
0.487,0.425,0.207,0.515,1.000
0.529,0.514,0.272,0.687,1.000
0.699,0.514,0.359,0.277,1.000
0.648,0.782,0.507,0.263,1.000
0.458,0.410,0.188,0.206,1.000
0.592,0.547,0.324,0.621,1.000
0.469,0.454,0.213,-0.042,1.000
0.439,0.389,0.171,0.483,1.000
0.453,0.373,0.169,0.334,1.000
0.408,0.494,0.202,0.728,1.000
0.539,0.404,0.218,0.595,1.000
0.299,0.452,0.135,0.362,1.000
0.339,0.638,0.216,0.360,1.000
0.330,0.603,0.199,0.402,1.000
0.437,0.294,0.129,0.454,1.000
0.590,0.658,0.389,0.373,1.000
0.444,0.729,0.324,0.460,1.000
0.642,0.506,0.325,0.458,1.000
0.406,0.751,0.305,0.382,1.000
0.533,0.337,0.180,0.673,1.000
0.426,0.709,0.302,0.501,1.000
0.521,0.448,0.233,0.721,1.000
0.410,0.411,0.169,0.176,1.000
0.602,0.430,0.259,0.384,1.000
0.499,0.665,0.332,0.278,1.000
0.500,0.647,0.324,0.811,1.000
0.574,0.246,0.141,0.683,1.000
0.417,0.448,0.187,0.691,1.000
0.538,0.534,0.287,0.417,1.000
0.420,0.385,0.162,0.361,1.000
0.250,0.447,0.112,-0.043,1.000
0.643,0.609,0.392,0.756,1.000
0.497,0.380,0.189,0.722,1.000
0.605,0.206,0.125,0.545,1.000
0.640,0.544,0.348,1.052,1.000
0.521,0.436,0.227,0.975,1.000
0.551,0.563,0.310,0.008,1.000
0.767,0.351,0.269,0.815,1.000
0.471,0.418,0.197,0.359,1.000
0.727,0.405,0.294,0.258,1.000
0.410,0.403,0.165,0.529,1.000
0.512,0.719,0.368,0.556,1.000
0.428,0.405,0.173,0.454,1.000
0.402,0.259,0.104,0.253,1.000
0.390,0.481,0.188,0.570,1.000
0.431,0.714,0.308,0.409,1.000
0.469,0.473,0.222,0.670,1.000
0.339,0.427,0.145,0.532,1.000
0.286,0.584,0.167,0.798,1.000
0.422,0.405,0.171,0.398,1.000
0.183,0.546,0.100,0.781,1.000
0.655,0.781,0.512,0.235,1.000
0.394,0.433,0.171,0.425,1.000
0.346,0.565,0.195,0.607,1.000
0.429,0.309,0.133,0.536,1.000
0.550,0.349,0.192,0.717,1.000
0.719,0.332,0.239,0.545,1.000
0.448,0.486,0.218,0.626,1.000
0.532,0.511,0.272,0.558,1.000
0.430,0.368,0.158,0.246,1.000
0.483,0.517,0.249,0.188,1.000
0.522,0.688,0.359,0.515,1.000
0.539,0.364,0.196,0.571,1.000
0.426,0.611,0.260,0.385,1.000
0.820,0.516,0.423,0.544,1.000
0.652,0.430,0.280,0.532,1.000
0.371,0.476,0.177,0.375,1.000
0.379,0.309,0.117,0.166,1.000
0.551,0.689,0.379,0.551,1.000
0.381,0.401,0.153,0.710,1.000
0.607,0.649,0.394,0.376,1.000
0.559,0.535,0.299,0.515,1.000
0.396,0.568,0.225,0.611,1.000
0.531,0.432,0.230,0.261,1.000
0.711,0.531,0.378,0.882,1.000
0.418,0.443,0.185,0.401,1.000
0.540,0.452,0.244,0.730,1.000
0.419,0.628,0.263,0.474,1.000
0.301,0.490,0.147,0.640,1.000
0.502,0.541,0.271,0.497,1.000
0.356,0.604,0.215,0.577,1.000
0.370,0.545,0.201,0.469,1.000
0.632,0.527,0.333,0.671,1.000
0.568,0.547,0.311,0.384,1.000
0.723,0.349,0.252,0.859,1.000
0.510,0.538,0.275,0.707,1.000
0.544,0.501,0.273,0.621,1.000
0.385,0.507,0.195,0.584,1.000
0.616,0.592,0.365,0.426,1.000
0.668,0.603,0.403,0.760,1.000
0.562,0.537,0.302,0.358,1.000
0.197,0.524,0.103,0.380,1.000
0.592,0.448,0.265,0.551,1.000
0.580,0.552,0.320,0.641,1.000
0.589,0.425,0.250,0.720,1.000
0.599,0.426,0.255,0.687,1.000
0.638,0.339,0.216,0.595,1.000
0.757,0.414,0.313,0.546,1.000
0.530,0.472,0.250,0.578,1.000
0.322,0.322,0.104,0.297,1.000
0.488,0.411,0.201,0.333,1.000
0.447,0.474,0.212,0.327,1.000
0.591,0.618,0.365,0.828,1.000
0.483,0.664,0.321,0.724,1.000
0.399,0.601,0.240,0.330,1.000
0.618,0.357,0.220,0.445,1.000
0.415,0.552,0.229,0.565,1.000
0.562,0.467,0.263,0.269,1.000
0.686,0.529,0.363,0.749,1.000
0.431,0.556,0.239,0.613,1.000
0.364,0.598,0.218,0.202,1.000
0.742,0.535,0.397,0.465,1.000
0.599,0.450,0.269,0.679,1.000
0.512,0.375,0.192,0.797,1.000
0.346,0.360,0.125,0.622,1.000
0.491,0.573,0.281,0.461,1.000
0.371,0.633,0.235,0.560,1.000
0.406,0.653,0.265,0.773,1.000
0.356,0.301,0.107,0.395,1.000
0.780,0.385,0.300,0.513,1.000
0.500,0.545,0.272,0.153,1.000
0.498,0.712,0.354,0.538,1.000
0.582,0.601,0.350,0.587,1.000
0.618,0.411,0.254,0.454,1.000
0.506,0.497,0.252,0.625,1.000
0.450,0.403,0.181,0.302,1.000
0.657,0.437,0.287,0.635,1.000
0.634,0.442,0.281,0.528,1.000
0.586,0.242,0.142,0.687,1.000
0.632,0.552,0.349,0.502,1.000
0.399,0.437,0.174,0.514,1.000
0.527,0.560,0.295,0.746,1.000
0.584,0.791,0.462,0.378,1.000
0.448,0.367,0.164,0.443,1.000
0.678,0.604,0.409,0.436,1.000
0.539,0.366,0.197,0.655,1.000
0.595,0.379,0.225,0.307,1.000
0.696,0.581,0.404,0.636,1.000
0.641,0.293,0.188,0.465,1.000
0.481,0.591,0.284,0.658,1.000
0.612,0.630,0.386,0.583,1.000
0.783,0.397,0.310,0.651,1.000
0.433,0.464,0.201,0.319,1.000
0.566,0.461,0.261,0.369,1.000
0.585,0.298,0.174,0.725,1.000
0.555,0.548,0.304,0.254,1.000
0.607,0.650,0.394,0.469,1.000
0.509,0.536,0.272,0.527,1.000
0.408,0.557,0.227,0.523,1.000
0.403,0.565,0.228,0.488,1.000
0.484,0.256,0.124,0.631,1.000
0.479,0.442,0.212,0.642,1.000
0.675,0.534,0.360,0.152,1.000
0.521,0.463,0.241,0.479,1.000
0.651,0.430,0.280,0.804,1.000
0.610,0.641,0.391,0.571,1.000
0.466,0.579,0.270,0.384,1.000
0.359,0.511,0.184,0.533,1.000
0.731,0.587,0.429,0.786,1.000
0.471,0.565,0.266,0.683,1.000
0.464,0.606,0.282,0.492,1.000
0.430,0.483,0.208,0.689,1.000
0.460,0.436,0.201,0.774,1.000
0.445,0.524,0.233,0.383,1.000
0.628,0.402,0.252,0.540,1.000
0.578,0.630,0.364,0.825,1.000
0.347,0.381,0.132,0.384,1.000
0.503,0.546,0.274,0.617,1.000
0.344,0.344,0.119,0.449,1.000
0.474,0.563,0.267,0.394,1.000
0.544,0.283,0.154,0.523,1.000
0.526,0.390,0.205,0.707,1.000
0.442,0.511,0.226,0.841,1.000
0.663,0.474,0.315,0.643,1.000
0.396,0.516,0.204,0.587,1.000
0.375,0.570,0.214,0.635,1.000
0.506,0.439,0.222,0.425,1.000
0.411,0.691,0.284,0.804,1.000
0.617,0.456,0.281,0.604,1.000
0.505,0.542,0.274,0.276,1.000
0.665,0.466,0.310,0.699,1.000
0.752,0.680,0.511,0.490,1.000
0.757,0.506,0.383,0.614,1.000
0.680,0.542,0.369,0.604,1.000
0.542,0.661,0.358,0.387,1.000
0.432,0.390,0.168,0.266,1.000
0.630,0.484,0.305,0.720,1.000
0.455,0.675,0.307,0.557,1.000
0.437,0.562,0.246,0.816,1.000
0.733,0.526,0.386,0.620,1.000
0.701,0.373,0.262,0.756,1.000
0.508,0.620,0.315,0.258,1.000
0.553,0.402,0.223,0.496,1.000
0.568,0.596,0.338,0.606,1.000
0.430,0.745,0.320,0.438,1.000
0.423,0.775,0.328,0.143,1.000
0.597,0.615,0.367,0.454,1.000
0.594,0.546,0.324,0.631,1.000
0.672,0.596,0.400,0.225,1.000
0.482,0.634,0.305,0.723,1.000
0.591,0.527,0.311,0.426,1.000
0.382,0.474,0.181,0.603,1.000
0.533,0.462,0.246,0.441,1.000
0.339,0.427,0.145,0.568,1.000
0.607,0.538,0.327,0.309,1.000
0.448,0.504,0.226,0.567,1.000
0.631,0.561,0.354,0.681,1.000
0.194,0.456,0.088,0.508,1.000
0.423,0.478,0.202,0.353,1.000
0.490,0.404,0.198,0.525,1.000
0.478,0.533,0.255,0.518,1.000
0.459,0.795,0.365,0.395,1.000
0.120,0.446,0.053,0.483,1.000
0.473,0.416,0.197,0.655,1.000
0.610,0.553,0.338,0.501,1.000
0.367,0.371,0.136,0.413,1.000
0.531,0.754,0.400,0.641,1.000
0.734,0.562,0.412,0.598,1.000
0.478,0.351,0.168,0.461,1.000
0.286,0.510,0.146,0.457,1.000
0.403,0.508,0.205,0.560,1.000
0.437,0.336,0.147,0.424,1.000
0.572,0.746,0.426,0.457,1.000
0.473,0.675,0.319,0.536,1.000
0.586,0.394,0.231,0.508,1.000
0.568,0.324,0.184,0.373,1.000
0.462,0.488,0.225,0.965,1.000
0.410,0.335,0.138,0.567,1.000
0.626,0.633,0.396,0.522,1.000
0.355,0.524,0.186,0.221,1.000
0.554,0.711,0.394,0.386,1.000
0.568,0.356,0.202,0.731,1.000
0.324,0.568,0.184,0.762,1.000
0.559,0.459,0.257,0.534,1.000
0.589,0.507,0.299,0.499,1.000
0.324,0.493,0.159,0.399,1.000
0.634,0.520,0.330,0.897,1.000
0.469,0.443,0.208,0.379,1.000
0.204,0.425,0.087,0.805,1.000
0.629,0.491,0.309,0.312,1.000
0.785,0.645,0.507,0.499,1.000
0.564,0.414,0.234,0.721,1.000
0.474,0.454,0.215,0.616,1.000
0.273,0.431,0.118,0.411,1.000
0.454,0.504,0.229,0.156,1.000
0.567,0.595,0.337,0.544,1.000
0.468,0.529,0.248,0.828,1.000
0.368,0.501,0.184,1.023,1.000
0.546,0.460,0.251,0.739,1.000
0.582,0.476,0.277,0.310,1.000
0.561,0.527,0.295,0.349,1.000
0.508,0.504,0.256,0.501,1.000
0.426,0.719,0.306,0.470,1.000
0.663,0.552,0.366,0.541,1.000
0.362,0.386,0.140,0.375,1.000
0.584,0.510,0.298,0.705,1.000
0.651,0.433,0.282,0.584,1.000
0.506,0.384,0.194,0.052,1.000
0.493,0.502,0.248,0.511,1.000
0.394,0.521,0.205,0.097,1.000
0.415,0.453,0.188,0.762,1.000
0.510,0.721,0.367,0.335,1.000
0.585,0.660,0.386,0.274,1.000
0.502,0.373,0.187,0.233,1.000
0.467,0.587,0.274,0.528,1.000
0.500,0.423,0.212,0.551,1.000
0.355,0.376,0.134,0.498,1.000
0.707,0.670,0.473,0.402,1.000
0.641,0.383,0.246,0.384,1.000
0.412,0.519,0.213,0.615,1.000
0.358,0.399,0.143,0.391,1.000
0.549,0.748,0.411,0.612,1.000
0.465,0.407,0.189,0.583,1.000
0.359,0.544,0.195,0.379,1.000
0.175,0.549,0.096,0.706,1.000
0.724,0.476,0.344,0.650,1.000
0.396,0.488,0.193,0.317,1.000
0.435,0.490,0.213,0.323,1.000
0.446,0.618,0.275,0.624,1.000
0.435,0.637,0.277,0.517,1.000
0.512,0.575,0.294,0.340,1.000
0.470,0.368,0.173,0.692,1.000
0.528,0.601,0.317,0.671,1.000
0.506,0.760,0.384,0.511,1.000
0.411,0.696,0.287,0.335,1.000
0.333,0.359,0.120,0.186,1.000
0.500,0.347,0.173,0.647,1.000
0.412,0.417,0.172,0.434,1.000
0.411,0.343,0.141,0.428,1.000
0.443,0.482,0.213,0.356,1.000
0.463,0.371,0.172,0.523,1.000
0.356,0.646,0.230,0.476,1.000
0.286,0.496,0.142,0.796,1.000
0.372,0.673,0.250,0.401,1.000
0.632,0.776,0.490,0.528,1.000
0.459,0.280,0.129,0.384,1.000
0.640,0.810,0.518,0.530,1.000
0.542,0.290,0.157,0.695,1.000
0.357,0.376,0.134,0.262,1.000
0.430,0.625,0.269,0.530,1.000
0.559,0.546,0.305,0.743,1.000
0.611,0.653,0.399,0.618,1.000
0.529,0.468,0.247,0.451,1.000
0.446,0.442,0.197,0.364,1.000
0.614,0.499,0.306,0.354,1.000
0.488,0.362,0.176,0.246,1.000
0.749,0.609,0.456,0.460,1.000
0.451,0.467,0.210,0.291,1.000
0.591,0.507,0.299,0.486,1.000
0.389,0.345,0.134,0.498,1.000
0.294,0.393,0.116,0.663,1.000
0.317,0.763,0.242,0.406,1.000
0.823,0.316,0.260,0.348,1.000
0.411,0.592,0.243,0.519,1.000
0.596,0.571,0.341,0.659,1.000
0.675,0.381,0.258,0.599,1.000
0.407,0.453,0.184,0.403,1.000
0.535,0.430,0.230,0.374,1.000
0.502,0.501,0.252,0.229,1.000
0.739,0.321,0.237,0.396,1.000
0.402,0.385,0.155,0.592,1.000
0.463,0.571,0.264,0.662,1.000
0.446,0.413,0.184,0.691,1.000
0.668,0.492,0.328,0.479,1.000
0.636,0.448,0.285,0.605,1.000
0.388,0.427,0.165,0.307,1.000
0.556,0.580,0.323,0.456,1.000
0.345,0.416,0.144,0.672,1.000
0.287,0.336,0.097,0.665,1.000
0.510,0.477,0.243,0.393,1.000
0.553,0.510,0.282,0.735,1.000
0.407,0.520,0.212,0.392,1.000
0.618,0.440,0.272,0.285,1.000
0.457,0.523,0.239,0.616,1.000
0.559,0.427,0.239,0.385,1.000
0.324,0.491,0.159,0.445,1.000
0.488,0.517,0.252,0.646,1.000
0.397,0.118,0.047,0.898,1.000
0.584,0.593,0.347,0.449,1.000
0.304,0.347,0.105,0.284,1.000
0.375,0.624,0.234,0.446,1.000
0.556,0.656,0.365,0.240,1.000
0.575,0.338,0.194,0.400,1.000
0.549,0.557,0.306,0.393,1.000
0.405,0.554,0.224,0.616,1.000
0.629,0.767,0.482,0.323,1.000
0.333,0.624,0.208,0.524,1.000
0.447,0.405,0.181,0.403,1.000
0.579,0.626,0.362,0.428,1.000
0.504,0.625,0.315,0.574,1.000
0.396,0.541,0.214,0.652,1.000
0.485,0.364,0.176,0.516,1.000
0.599,0.459,0.275,0.547,1.000
0.589,0.674,0.397,0.445,1.000
0.300,0.644,0.193,0.522,1.000
0.789,0.593,0.468,0.350,1.000
0.467,0.538,0.251,0.475,1.000
0.459,0.602,0.276,0.470,1.000
0.601,0.599,0.360,0.261,1.000
0.338,0.474,0.161,0.546,1.000
0.521,0.574,0.299,0.567,1.000
0.516,0.323,0.167,0.575,1.000
0.328,0.486,0.159,0.779,1.000
0.566,0.403,0.228,0.781,1.000
0.562,0.527,0.296,0.195,1.000
0.444,0.386,0.172,0.331,1.000
0.395,0.515,0.204,0.532,1.000
0.247,0.580,0.143,0.373,1.000
0.468,0.278,0.130,0.904,1.000
0.312,0.686,0.214,0.319,1.000
0.467,0.608,0.284,0.661,1.000
0.465,0.413,0.192,0.300,1.000
0.522,0.587,0.307,0.231,1.000
0.499,0.517,0.258,0.443,1.000
0.399,0.547,0.218,0.413,1.000
0.841,0.206,0.173,0.357,1.000
0.586,0.694,0.406,0.552,1.000
0.398,0.325,0.129,0.337,1.000
0.443,0.469,0.208,0.539,1.000
0.498,0.563,0.281,0.654,1.000
0.519,0.405,0.210,0.373,1.000
0.508,0.397,0.202,0.220,1.000
0.559,0.480,0.268,0.549,1.000
0.427,0.528,0.225,0.089,1.000
0.527,0.477,0.251,0.223,1.000
0.466,0.340,0.158,0.818,1.000
0.480,0.569,0.273,0.205,1.000
0.520,0.503,0.262,0.424,1.000
0.653,0.368,0.240,0.461,1.000
0.286,0.391,0.112,0.435,1.000
0.614,0.427,0.262,0.462,1.000
0.874,0.370,0.324,0.219,1.000
0.457,0.247,0.113,0.726,1.000
0.468,0.475,0.222,0.534,1.000
0.301,0.194,0.058,0.927,1.000
0.602,0.368,0.222,0.334,1.000
0.528,0.471,0.249,0.551,1.000
0.619,0.388,0.240,0.494,1.000
0.687,0.421,0.289,0.571,1.000
0.275,0.549,0.151,0.685,1.000
0.689,0.398,0.274,0.267,1.000
0.596,0.662,0.394,0.433,1.000
0.477,0.467,0.223,0.601,1.000
0.520,0.305,0.159,0.484,1.000
0.574,0.349,0.200,0.762,1.000
0.723,0.343,0.247,0.383,1.000
0.356,0.632,0.225,0.212,1.000
0.397,0.443,0.176,0.676,1.000
0.436,0.536,0.234,0.347,1.000
0.420,0.527,0.221,0.734,1.000
0.497,0.469,0.233,0.287,1.000
0.578,0.461,0.266,0.588,1.000
0.499,0.456,0.228,0.523,1.000
0.409,0.503,0.206,0.256,1.000
0.479,0.787,0.377,0.663,1.000
0.463,0.396,0.183,0.538,1.000
0.537,0.509,0.273,0.453,1.000
0.570,0.408,0.232,0.419,1.000
0.641,0.329,0.211,0.205,1.000
0.540,0.575,0.311,0.246,1.000
0.447,0.582,0.260,0.513,1.000
0.538,0.496,0.267,0.341,1.000
0.542,0.449,0.243,0.442,1.000
0.424,0.584,0.248,0.641,1.000
0.280,0.444,0.124,0.803,1.000
0.478,0.614,0.294,0.592,1.000
0.507,0.477,0.242,0.525,1.000
0.649,0.657,0.426,0.630,1.000
0.270,0.545,0.147,0.710,1.000
0.512,0.424,0.218,0.544,1.000
0.571,0.452,0.258,0.638,1.000
0.391,0.297,0.116,0.298,1.000
0.547,0.536,0.293,0.738,1.000
0.522,0.488,0.254,0.432,1.000
0.563,0.535,0.301,0.567,1.000
0.439,0.361,0.158,0.363,1.000
0.613,0.831,0.510,0.204,1.000
0.574,0.331,0.190,0.450,1.000
0.343,0.709,0.243,0.576,1.000
0.474,0.430,0.204,0.693,1.000
0.528,0.473,0.250,0.587,1.000
0.652,0.358,0.233,0.499,1.000
0.555,0.623,0.346,0.485,1.000
0.409,0.489,0.200,0.437,1.000
0.557,0.635,0.354,0.580,1.000
0.762,0.643,0.490,0.344,1.000
0.561,0.328,0.184,0.404,1.000
0.427,0.584,0.250,0.598,1.000
0.425,0.282,0.120,0.563,1.000
0.351,0.304,0.107,0.663,1.000
0.584,0.479,0.279,0.512,1.000
0.456,0.409,0.186,0.327,1.000
0.717,0.339,0.243,0.393,1.000
0.558,0.653,0.365,0.218,1.000
0.627,0.420,0.263,0.640,1.000
0.514,0.242,0.124,0.658,1.000
0.404,0.589,0.238,0.466,1.000
0.505,0.259,0.131,0.489,1.000
0.684,0.355,0.243,0.561,1.000
0.401,0.579,0.232,0.633,1.000
0.588,0.448,0.263,0.547,1.000
0.439,0.312,0.137,0.635,1.000
0.695,0.521,0.362,0.545,1.000
0.440,0.365,0.161,0.472,1.000
0.649,0.441,0.286,0.592,1.000
0.239,0.504,0.120,0.397,1.000
0.530,0.496,0.263,0.264,1.000
0.435,0.455,0.198,0.333,1.000
0.424,0.503,0.213,0.498,1.000
0.590,0.703,0.414,0.485,1.000
0.319,0.462,0.147,0.510,1.000
0.390,0.373,0.145,0.485,1.000
0.511,0.398,0.203,0.438,1.000
0.358,0.403,0.144,0.591,1.000
0.401,0.609,0.244,0.456,1.000
0.462,0.601,0.277,0.475,1.000
0.526,0.519,0.273,0.487,1.000
0.339,0.520,0.176,0.575,1.000
0.404,0.611,0.247,0.522,1.000
0.482,0.568,0.274,0.589,1.000
0.472,0.298,0.140,0.458,1.000
0.411,0.587,0.241,0.608,1.000
0.482,0.551,0.265,0.488,1.000
0.538,0.621,0.334,0.234,1.000
0.384,0.248,0.095,0.367,1.000
0.463,0.549,0.254,0.422,1.000
0.668,0.622,0.416,0.643,1.000
0.508,0.532,0.270,0.503,1.000
0.705,0.598,0.422,0.338,1.000
0.552,0.495,0.273,0.495,1.000
0.402,0.412,0.166,0.500,1.000
0.431,0.503,0.217,0.445,1.000
0.613,0.485,0.297,0.342,1.000
0.444,0.531,0.236,0.512,1.000
0.412,0.602,0.248,0.616,1.000
0.457,0.304,0.139,0.781,1.000
0.422,0.414,0.175,0.554,1.000
0.482,0.528,0.254,0.742,1.000
0.524,0.685,0.359,0.656,1.000
0.314,0.636,0.200,0.914,1.000
0.621,0.441,0.274,0.637,1.000
0.800,0.623,0.498,0.683,1.000
0.491,0.367,0.180,0.563,1.000
0.453,0.261,0.118,0.607,1.000
0.521,0.440,0.229,0.809,1.000
0.283,0.426,0.121,0.309,1.000
0.478,0.472,0.226,0.500,1.000
0.659,0.557,0.367,0.430,1.000
0.424,0.498,0.211,0.569,1.000
0.530,0.625,0.332,0.182,1.000
0.348,0.495,0.172,0.410,1.000
0.642,0.736,0.473,0.488,1.000
0.434,0.476,0.207,0.565,1.000
0.587,0.524,0.307,0.470,1.000
0.587,0.499,0.293,0.295,1.000
0.507,0.669,0.339,0.235,1.000
0.661,0.343,0.226,0.412,1.000
0.539,0.571,0.308,0.470,1.000
0.595,0.473,0.282,0.504,1.000
0.451,0.481,0.217,0.282,1.000
0.672,0.475,0.319,0.742,1.000
0.579,0.617,0.358,0.340,1.000
0.613,0.550,0.337,0.499,1.000
0.511,0.486,0.248,0.549,1.000
0.389,0.747,0.291,0.486,1.000
0.580,0.425,0.246,0.483,1.000
0.414,0.431,0.178,0.551,1.000
0.588,0.598,0.352,0.353,1.000
0.499,0.394,0.197,0.247,1.000
0.634,0.583,0.370,0.640,1.000
0.468,0.411,0.192,0.456,1.000
0.381,0.579,0.220,0.575,1.000
0.656,0.419,0.274,0.512,1.000
0.647,0.302,0.196,0.264,1.000
0.566,0.650,0.368,0.319,1.000
0.503,0.402,0.202,0.457,1.000
0.675,0.701,0.473,0.592,1.000
0.453,0.375,0.170,0.697,1.000
0.420,0.524,0.220,0.601,1.000
0.294,0.398,0.117,0.368,1.000
0.406,0.390,0.158,0.569,1.000
0.600,0.160,0.096,0.238,1.000
0.566,0.532,0.301,0.222,1.000
0.480,0.497,0.238,0.566,1.000
0.664,0.509,0.338,0.369,1.000
0.471,0.562,0.265,0.660,1.000
0.510,0.513,0.262,0.709,1.000
0.518,0.430,0.223,0.475,1.000
0.529,0.352,0.187,0.700,1.000
0.489,0.439,0.214,0.308,1.000
0.534,0.616,0.329,0.459,1.000
0.442,0.412,0.182,0.551,1.000
0.484,0.458,0.222,0.500,1.000
0.450,0.464,0.209,0.339,1.000
0.418,0.577,0.241,0.507,1.000
0.512,0.345,0.177,0.407,1.000
0.465,0.345,0.160,0.380,1.000
0.466,0.521,0.243,0.647,1.000
0.372,0.555,0.207,0.521,1.000
0.580,0.547,0.317,0.508,1.000
0.605,0.573,0.347,0.628,1.000
0.409,0.315,0.129,0.586,1.000
0.537,0.351,0.188,0.563,1.000
0.374,0.593,0.222,0.431,1.000
0.587,0.559,0.328,0.575,1.000
0.486,0.505,0.246,0.565,1.000
0.401,0.572,0.229,0.788,1.000
0.670,0.616,0.413,0.371,1.000
0.401,0.425,0.170,0.536,1.000
0.399,0.407,0.162,0.296,1.000
0.406,0.151,0.061,0.803,1.000
0.332,0.574,0.191,0.749,1.000
0.451,0.460,0.208,0.381,1.000
0.748,0.372,0.278,0.165,1.000
0.359,0.570,0.205,0.782,1.000
0.370,0.349,0.129,0.515,1.000
0.614,0.437,0.268,0.865,1.000
0.565,0.286,0.161,0.497,1.000
0.476,0.626,0.298,0.575,1.000
0.573,0.438,0.251,0.478,1.000
0.725,0.547,0.397,0.752,1.000
0.430,0.459,0.197,0.436,1.000
0.580,0.567,0.329,0.511,1.000
0.630,0.395,0.249,0.112,1.000
0.374,0.427,0.160,0.522,1.000
0.593,0.413,0.245,0.484,1.000
0.685,0.782,0.536,0.607,1.000
0.593,0.354,0.210,0.821,1.000
0.429,0.487,0.209,0.746,1.000
0.575,0.659,0.379,0.442,1.000
0.534,0.553,0.296,0.556,1.000
0.512,0.699,0.358,0.752,1.000
0.646,0.386,0.250,0.566,1.000
0.152,0.560,0.085,0.610,1.000
0.421,0.624,0.263,0.190,1.000
0.674,0.317,0.214,0.465,1.000
0.240,0.472,0.113,0.417,1.000
0.625,0.500,0.313,0.944,1.000
0.434,0.442,0.192,0.451,1.000
0.449,0.390,0.175,0.372,1.000
0.647,0.468,0.302,0.217,1.000
0.255,0.574,0.146,0.250,1.000
0.437,0.469,0.205,0.608,1.000
0.610,0.359,0.219,0.449,1.000
0.472,0.464,0.219,0.710,1.000
0.461,0.474,0.219,0.531,1.000
0.212,0.431,0.091,0.621,1.000
0.596,0.520,0.310,0.731,1.000
0.417,0.378,0.158,0.728,1.000
0.456,0.441,0.201,0.682,1.000
0.522,0.410,0.214,0.305,1.000
0.564,0.534,0.301,0.657,1.000
0.458,0.418,0.191,0.483,1.000
0.393,0.593,0.233,0.441,1.000
0.497,0.488,0.242,0.464,1.000
0.509,0.571,0.291,0.234,1.000
0.575,0.449,0.258,0.697,1.000
0.543,0.410,0.223,0.221,1.000
0.335,0.656,0.220,0.324,1.000
0.327,0.437,0.143,0.354,1.000
0.623,0.458,0.285,0.684,1.000
0.450,0.270,0.122,0.655,1.000
0.726,0.376,0.273,0.656,1.000
0.320,0.436,0.139,0.642,1.000
0.378,0.486,0.184,0.780,1.000
0.408,0.282,0.115,0.432,1.000
0.547,0.458,0.251,0.438,1.000
0.613,0.467,0.286,0.513,1.000
0.426,0.300,0.128,0.539,1.000
0.571,0.609,0.348,0.759,1.000
0.430,0.315,0.136,0.532,1.000
0.417,0.186,0.077,0.343,1.000
0.347,0.279,0.097,0.532,1.000
0.376,0.581,0.219,0.497,1.000
0.532,0.619,0.330,0.677,1.000
0.356,0.624,0.222,0.560,1.000
0.596,0.370,0.221,0.574,1.000
0.493,0.309,0.153,0.698,1.000
0.709,0.552,0.392,0.680,1.000
0.295,0.411,0.121,0.771,1.000
0.638,0.501,0.320,0.401,1.000
0.471,0.497,0.234,0.380,1.000
0.459,0.548,0.252,0.651,1.000
0.437,0.519,0.227,0.397,1.000
0.436,0.495,0.216,0.419,1.000
0.488,0.592,0.289,0.343,1.000
0.611,0.359,0.219,0.833,1.000
0.309,0.359,0.111,0.727,1.000
0.703,0.563,0.396,0.586,1.000
0.763,0.470,0.358,0.691,1.000
0.360,0.558,0.201,0.542,1.000
0.332,0.320,0.106,0.374,1.000
0.398,0.680,0.270,0.603,1.000
0.545,0.342,0.186,0.350,1.000
0.506,0.233,0.118,0.290,1.000
0.681,0.631,0.429,0.506,1.000
0.408,0.326,0.133,0.361,1.000
0.379,0.352,0.133,0.482,1.000
0.541,0.491,0.266,0.091,1.000
0.512,0.546,0.279,0.460,1.000
0.535,0.618,0.331,0.552,1.000
0.636,0.661,0.421,0.711,1.000
0.376,0.435,0.163,0.702,1.000
0.272,0.503,0.137,0.484,1.000
0.641,0.473,0.303,0.900,1.000
0.487,0.554,0.269,0.636,1.000
0.529,0.572,0.302,0.651,1.000
0.734,0.690,0.506,0.576,1.000
0.391,0.550,0.215,0.237,1.000
0.596,0.436,0.260,0.858,1.000
0.595,0.483,0.287,0.631,1.000
0.399,0.358,0.143,0.366,1.000
0.570,0.778,0.444,0.400,1.000
0.501,0.359,0.180,0.691,1.000
0.332,0.411,0.137,0.408,1.000
0.353,0.282,0.099,0.339,1.000
0.536,0.592,0.317,0.376,1.000
0.477,0.550,0.262,0.633,1.000
0.586,0.668,0.391,0.495,1.000
0.379,0.412,0.156,0.589,1.000
0.630,0.388,0.245,0.645,1.000
0.443,0.584,0.259,0.446,1.000
0.333,0.543,0.181,0.575,1.000
0.494,0.354,0.175,0.683,1.000
0.176,0.461,0.081,0.623,1.000
0.765,0.472,0.361,0.537,1.000
0.695,0.381,0.265,0.628,1.000
0.515,0.479,0.246,0.679,1.000
0.504,0.437,0.220,0.654,1.000
0.340,0.507,0.172,0.949,1.000
0.467,0.497,0.232,0.519,1.000
0.567,0.541,0.307,0.398,1.000
0.415,0.181,0.075,0.718,1.000
0.674,0.545,0.367,0.359,1.000
0.488,0.176,0.086,0.611,1.000
0.497,0.450,0.224,0.739,1.000
0.520,0.361,0.188,0.588,1.000
0.555,0.712,0.395,0.666,1.000
0.592,0.464,0.275,0.632,1.000
0.368,0.607,0.223,0.692,1.000
0.539,0.353,0.190,0.177,1.000
0.474,0.554,0.262,0.523,1.000
0.298,0.392,0.117,0.234,1.000
0.669,0.450,0.301,0.318,1.000
0.463,0.514,0.238,0.366,1.000
0.448,0.287,0.129,0.681,1.000
0.625,0.660,0.412,0.574,1.000
0.358,0.361,0.129,0.217,1.000
0.592,0.769,0.455,0.533,1.000
0.439,0.581,0.255,0.523,1.000
0.567,0.510,0.290,0.721,1.000
0.725,0.437,0.316,0.466,1.000
0.724,0.548,0.396,0.378,1.000
0.488,0.355,0.174,0.626,1.000
0.168,0.486,0.082,0.443,1.000
0.572,0.550,0.314,0.569,1.000
0.709,0.774,0.548,0.475,1.000
0.213,0.545,0.116,0.315,1.000
0.301,0.737,0.222,0.849,1.000
0.436,0.564,0.246,0.485,1.000
0.510,0.329,0.168,0.626,1.000
0.481,0.395,0.190,0.666,1.000
0.663,0.594,0.394,0.439,1.000
0.296,0.312,0.092,0.517,1.000
0.468,0.359,0.168,0.550,1.000
0.322,0.562,0.181,0.536,1.000
0.576,0.623,0.359,0.529,1.000
0.442,0.569,0.252,0.410,1.000
0.351,0.293,0.103,0.391,1.000
0.503,0.497,0.250,0.802,1.000
0.409,0.397,0.162,0.416,1.000
0.492,0.473,0.232,0.351,1.000
0.416,0.200,0.083,0.405,1.000
0.521,0.746,0.389,0.391,1.000
0.256,0.538,0.138,0.586,1.000
0.162,0.592,0.096,0.767,1.000
0.552,0.561,0.310,0.423,1.000
0.759,0.579,0.439,0.485,1.000
0.607,0.313,0.190,0.261,1.000
0.662,0.619,0.410,0.657,1.000
0.684,0.357,0.244,0.524,1.000
0.666,0.578,0.385,0.520,1.000
0.308,0.583,0.179,0.276,1.000
0.375,0.517,0.194,0.560,1.000
0.620,0.459,0.284,0.503,1.000
0.423,0.533,0.225,0.765,1.000
0.660,0.511,0.337,0.325,1.000
0.168,0.347,0.059,0.618,1.000
0.594,0.487,0.289,0.900,1.000
0.344,0.432,0.149,0.475,1.000
0.480,0.588,0.282,0.594,1.000
0.796,0.408,0.324,0.617,1.000
0.387,0.515,0.199,0.295,1.000
0.321,0.436,0.140,0.511,1.000
0.704,0.524,0.369,0.559,1.000
0.449,0.496,0.223,0.463,1.000
0.401,0.550,0.220,0.858,1.000
0.499,0.566,0.283,0.445,1.000
0.550,0.540,0.297,0.493,1.000
0.562,0.314,0.176,0.265,1.000
0.495,0.433,0.214,0.378,1.000
0.417,0.326,0.136,0.224,1.000
0.523,0.368,0.192,0.537,1.000
0.635,0.556,0.353,0.698,1.000
0.441,0.701,0.309,0.919,1.000
0.600,0.490,0.294,0.370,1.000
0.544,0.671,0.365,0.630,1.000
0.524,0.601,0.315,0.619,1.000
0.622,0.593,0.369,0.250,1.000
0.419,0.441,0.184,0.390,1.000
0.547,0.519,0.284,0.457,1.000
0.624,0.433,0.270,0.776,1.000
0.636,0.721,0.459,0.634,1.000
0.393,0.650,0.255,0.624,1.000
0.559,0.664,0.371,0.502,1.000
0.461,0.392,0.181,0.563,1.000
0.576,0.367,0.212,0.457,1.000
0.506,0.362,0.183,0.196,1.000
0.429,0.528,0.226,0.309,1.000
0.393,0.492,0.193,0.589,1.000
0.444,0.272,0.121,0.594,1.000
0.603,0.482,0.290,0.462,1.000
0.437,0.568,0.248,0.478,1.000
0.494,0.573,0.283,0.748,1.000
0.670,0.535,0.359,0.744,1.000
0.260,0.366,0.095,0.538,1.000
0.573,0.629,0.361,0.354,1.000
0.380,0.470,0.179,0.610,1.000
0.216,0.724,0.157,0.356,1.000
0.426,0.530,0.226,0.631,1.000
0.616,0.518,0.319,0.678,1.000
0.194,0.544,0.106,0.588,1.000
0.442,0.408,0.180,0.236,1.000
0.410,0.577,0.237,0.439,1.000
0.528,0.429,0.226,0.567,1.000
0.588,0.424,0.249,0.341,1.000
0.519,0.599,0.311,0.416,1.000
0.561,0.557,0.312,0.394,1.000
0.482,0.578,0.278,0.361,1.000
0.411,0.341,0.140,0.467,1.000
0.350,0.646,0.226,0.483,1.000
0.661,0.417,0.276,0.882,1.000
0.657,0.482,0.317,0.593,1.000
0.548,0.434,0.238,0.473,1.000
0.586,0.562,0.329,0.353,1.000
0.274,0.674,0.185,0.501,1.000
0.345,0.425,0.147,0.232,1.000
0.636,0.195,0.124,0.788,1.000
0.657,0.531,0.349,0.697,1.000
0.448,0.535,0.240,0.477,1.000
0.567,0.645,0.366,0.559,1.000
0.731,0.445,0.325,0.208,1.000
0.549,0.528,0.290,0.771,1.000
0.357,0.527,0.188,0.345,1.000
0.560,0.418,0.234,0.593,1.000
0.489,0.464,0.227,0.547,1.000
0.476,0.551,0.262,0.575,1.000
0.504,0.611,0.308,0.150,1.000
0.510,0.541,0.276,0.582,1.000
0.409,0.583,0.239,0.399,1.000
0.412,0.538,0.222,0.404,1.000
0.237,0.648,0.153,0.499,1.000
0.622,0.511,0.318,0.268,1.000
0.554,0.444,0.246,1.069,1.000
0.447,0.429,0.192,0.386,1.000
0.402,0.530,0.213,0.461,1.000
0.538,0.546,0.294,0.538,1.000
0.562,0.454,0.255,0.184,1.000
0.612,0.500,0.306,0.445,1.000
0.600,0.794,0.476,0.595,1.000
0.830,0.556,0.461,0.532,1.000
0.283,0.549,0.155,0.310,1.000
0.742,0.418,0.310,0.293,1.000
0.323,0.397,0.128,0.588,1.000
0.536,0.508,0.272,0.400,1.000
0.295,0.412,0.122,0.479,1.000
0.566,0.351,0.199,0.360,1.000
0.503,0.566,0.285,1.020,1.000
0.617,0.468,0.289,1.008,1.000
0.616,0.561,0.345,0.625,1.000
0.615,0.208,0.128,0.429,1.000
0.787,0.546,0.429,0.428,1.000
0.555,0.440,0.244,0.604,1.000
0.488,0.580,0.283,0.576,1.000
0.456,0.276,0.126,0.826,1.000
0.451,0.355,0.160,0.535,1.000
0.503,0.559,0.281,0.380,1.000
0.484,0.599,0.290,0.446,1.000
0.523,0.436,0.228,0.173,1.000
0.403,0.478,0.192,0.583,1.000
0.487,0.372,0.181,0.336,1.000
0.668,0.486,0.325,0.450,1.000
0.757,0.379,0.287,0.626,1.000
0.315,0.464,0.146,0.795,1.000
0.440,0.200,0.088,0.475,1.000
0.509,0.409,0.208,0.409,1.000
0.360,0.362,0.130,0.600,1.000
0.483,0.695,0.336,0.603,1.000
0.273,0.541,0.148,0.518,1.000
0.536,0.306,0.164,0.531,1.000
0.601,0.471,0.283,0.277,1.000
0.414,0.244,0.101,0.419,1.000
0.329,0.615,0.202,0.417,1.000
0.439,0.392,0.172,0.400,1.000
0.361,0.527,0.190,0.647,1.000
0.343,0.451,0.155,0.281,1.000
0.532,0.501,0.266,0.285,1.000
0.521,0.398,0.207,0.358,1.000
0.239,0.648,0.155,0.260,1.000
0.383,0.482,0.185,0.315,1.000
0.555,0.600,0.333,0.593,1.000
0.390,0.658,0.257,0.683,1.000
0.277,0.506,0.140,0.247,1.000
0.728,0.686,0.499,0.335,1.000
0.366,0.453,0.166,0.323,1.000
0.350,0.516,0.180,0.413,1.000
0.613,0.612,0.375,0.615,1.000
0.453,0.766,0.347,0.347,1.000
0.505,0.460,0.232,0.545,1.000
0.320,0.337,0.108,0.429,1.000
0.388,0.637,0.247,0.707,1.000
0.452,0.437,0.197,0.792,1.000
0.603,0.397,0.240,0.442,1.000
0.473,0.359,0.170,0.255,1.000
0.493,0.615,0.303,0.663,1.000
0.319,0.399,0.127,0.652,1.000
0.233,0.521,0.121,0.549,1.000
0.332,0.592,0.197,0.362,1.000
0.445,0.572,0.255,0.478,1.000
0.556,0.539,0.300,0.624,1.000
0.411,0.775,0.319,0.400,1.000
0.390,0.571,0.223,0.672,1.000
0.382,0.496,0.189,0.244,1.000
0.494,0.411,0.203,0.629,1.000
0.447,0.490,0.219,0.888,1.000
0.562,0.608,0.342,0.503,1.000
0.451,0.317,0.143,0.506,1.000
0.693,0.522,0.361,0.679,1.000
0.228,0.428,0.097,0.489,1.000
0.663,0.423,0.281,0.364,1.000
0.405,0.657,0.266,0.388,1.000
0.699,0.205,0.143,0.454,1.000
0.404,0.546,0.220,0.563,1.000
0.446,0.608,0.271,0.518,1.000
0.468,0.426,0.199,0.661,1.000
0.230,0.452,0.104,0.358,1.000
0.582,0.471,0.274,0.727,1.000
0.475,0.542,0.257,0.490,1.000
0.263,0.591,0.155,0.598,1.000
0.604,0.417,0.252,0.290,1.000
0.403,0.484,0.195,0.487,1.000
0.533,0.622,0.331,0.618,1.000
0.570,0.538,0.307,0.670,1.000
0.380,0.365,0.139,0.376,1.000
0.730,0.584,0.426,0.571,1.000
0.476,0.499,0.237,0.665,1.000
0.556,0.487,0.271,0.540,1.000
0.506,0.511,0.259,0.532,1.000
0.723,0.622,0.450,0.301,1.000
0.411,0.277,0.114,0.368,1.000
0.108,0.528,0.057,0.414,1.000
0.382,0.570,0.218,0.533,1.000
0.517,0.571,0.295,0.178,1.000
0.415,0.516,0.214,0.543,1.000
0.466,0.682,0.318,0.362,1.000
0.477,0.366,0.175,0.653,1.000
0.720,0.496,0.357,0.622,1.000
0.363,0.285,0.103,0.718,1.000
0.721,0.539,0.389,0.478,1.000
0.528,0.399,0.210,0.499,1.000
0.868,0.569,0.493,0.338,1.000
0.652,0.346,0.225,0.368,1.000
0.550,0.571,0.314,0.429,1.000
0.537,0.432,0.232,0.766,1.000
0.631,0.429,0.271,0.495,1.000
0.192,0.353,0.068,0.561,1.000
0.670,0.551,0.369,0.453,1.000
0.711,0.739,0.525,0.077,1.000
0.382,0.521,0.199,0.634,1.000
0.595,0.266,0.158,0.053,1.000
0.534,0.500,0.267,0.632,1.000
0.557,0.760,0.423,0.441,1.000
0.411,0.637,0.262,0.325,1.000
0.684,0.481,0.329,0.576,1.000
0.271,0.423,0.115,0.204,1.000
0.645,0.217,0.140,0.358,1.000
0.473,0.608,0.288,0.702,1.000
0.411,0.561,0.230,0.815,1.000
0.496,0.540,0.268,0.548,1.000
0.681,0.219,0.149,0.430,1.000
0.665,0.261,0.173,0.570,1.000
0.434,0.668,0.290,0.338,1.000
0.609,0.705,0.429,0.620,1.000
0.423,0.260,0.110,0.501,1.000
0.430,0.511,0.220,0.387,1.000
0.385,0.435,0.167,0.682,1.000
0.491,0.575,0.283,0.405,1.000
0.535,0.676,0.362,0.373,1.000
0.499,0.514,0.256,0.476,1.000
0.485,0.370,0.179,0.533,1.000
0.453,0.234,0.106,0.781,1.000
0.516,0.580,0.299,0.240,1.000
0.656,0.593,0.389,0.593,1.000
0.441,0.326,0.144,0.553,1.000
0.341,0.388,0.132,0.319,1.000
0.573,0.477,0.274,0.480,1.000
0.454,0.339,0.154,0.460,1.000
0.286,0.440,0.126,0.471,1.000
0.557,0.538,0.300,0.700,1.000
0.633,0.473,0.300,0.721,1.000
0.465,0.546,0.254,0.346,1.000
0.504,0.437,0.220,0.447,1.000
0.514,0.330,0.170,0.640,1.000
0.409,0.448,0.183,0.631,1.000
0.527,0.466,0.246,0.694,1.000
0.256,0.569,0.145,0.424,1.000
0.476,0.491,0.234,0.412,1.000
0.512,0.674,0.345,0.319,1.000
0.551,0.234,0.129,0.608,1.000
0.281,0.358,0.100,0.363,1.000
0.477,0.631,0.301,0.283,1.000
0.643,0.522,0.336,0.211,1.000
0.613,0.481,0.295,0.417,1.000
0.658,0.586,0.386,0.367,1.000
0.460,0.731,0.337,0.648,1.000
0.550,0.594,0.326,0.475,1.000
0.361,0.563,0.203,0.314,1.000
0.541,0.439,0.237,0.629,1.000
0.331,0.472,0.156,0.609,1.000
0.618,0.639,0.395,0.679,1.000
0.511,0.622,0.318,0.376,1.000
0.462,0.494,0.228,0.501,1.000
0.504,0.292,0.148,0.716,1.000
0.597,0.561,0.335,0.713,1.000
0.533,0.809,0.432,0.819,1.000
0.659,0.369,0.243,-0.047,1.000
0.589,0.467,0.275,0.504,1.000
0.492,0.409,0.201,0.846,1.000
0.503,0.443,0.223,0.431,1.000
0.354,0.617,0.218,0.711,1.000
0.747,0.508,0.379,0.763,1.000
0.408,0.467,0.190,0.416,1.000
0.728,0.570,0.415,0.685,1.000
0.444,0.374,0.166,0.666,1.000
0.844,0.710,0.599,0.638,1.000
0.585,0.392,0.229,0.264,1.000
0.700,0.435,0.304,0.514,1.000
0.539,0.551,0.297,0.412,1.000
0.441,0.249,0.110,0.872,1.000
0.405,0.394,0.160,0.374,1.000
0.388,0.394,0.153,0.760,1.000
0.503,0.605,0.304,0.359,1.000
0.477,0.512,0.244,0.532,1.000
0.372,0.420,0.156,0.596,1.000
0.479,0.436,0.209,0.257,1.000
0.519,0.814,0.422,0.699,1.000
0.403,0.435,0.175,0.715,1.000
0.683,0.538,0.367,0.542,1.000
0.407,0.590,0.240,0.497,1.000
0.450,0.361,0.163,0.785,1.000
0.440,0.333,0.146,0.543,1.000
0.672,0.691,0.464,0.565,1.000
0.501,0.395,0.198,0.325,1.000
0.254,0.400,0.102,0.572,1.000
0.750,0.830,0.623,0.683,1.000
0.396,0.612,0.242,0.459,1.000
0.484,0.466,0.225,0.466,1.000
0.625,0.417,0.261,0.199,1.000
0.315,0.569,0.179,0.274,1.000
0.508,0.518,0.263,0.464,1.000
0.454,0.634,0.288,0.292,1.000
0.549,0.658,0.361,0.368,1.000
0.580,0.544,0.316,0.657,1.000
0.618,0.633,0.391,0.744,1.000
0.776,0.449,0.349,0.230,1.000
0.585,0.533,0.312,0.749,1.000
0.594,0.647,0.384,0.763,1.000
0.397,0.389,0.154,0.459,1.000
0.487,0.522,0.254,0.638,1.000
0.504,0.559,0.281,0.216,1.000
0.327,0.313,0.102,0.716,1.000
0.473,0.494,0.234,0.499,1.000
0.806,0.570,0.459,0.571,1.000
0.270,0.553,0.149,0.493,1.000
0.497,0.456,0.227,0.747,1.000
0.472,0.583,0.275,0.470,1.000
0.163,0.340,0.055,0.256,1.000
0.268,0.432,0.116,0.353,1.000
0.449,0.483,0.217,0.673,1.000
0.511,0.121,0.062,0.449,1.000
0.462,0.622,0.288,0.448,1.000
0.579,0.467,0.270,0.340,1.000
0.432,0.568,0.245,0.498,1.000
0.384,0.464,0.178,0.319,1.000
0.486,0.747,0.363,0.605,1.000
0.558,0.497,0.277,0.641,1.000
0.616,0.407,0.251,0.404,1.000
0.428,0.458,0.196,0.613,1.000
0.748,0.376,0.281,0.406,1.000
0.444,0.625,0.277,0.676,1.000
0.592,0.653,0.387,0.547,1.000
0.370,0.370,0.137,0.566,1.000
0.501,0.489,0.245,0.455,1.000
0.490,0.402,0.197,0.509,1.000
0.548,0.593,0.325,0.563,1.000
0.406,0.654,0.266,0.673,1.000
0.331,0.310,0.103,0.115,1.000
0.615,0.515,0.316,0.582,1.000
0.470,0.399,0.187,0.763,1.000
0.553,0.471,0.260,0.642,1.000
0.673,0.590,0.397,0.786,1.000
0.566,0.608,0.344,0.703,1.000
0.517,0.571,0.295,0.484,1.000
0.632,0.654,0.413,0.196,1.000
0.682,0.418,0.285,0.640,1.000
0.561,0.542,0.304,0.621,1.000
0.533,0.342,0.183,0.557,1.000
0.369,0.571,0.211,0.557,1.000
0.601,0.466,0.280,0.400,1.000
0.731,0.461,0.337,0.371,1.000
0.375,0.556,0.209,0.520,1.000
0.423,0.477,0.202,0.630,1.000
0.342,0.656,0.224,0.720,1.000
0.372,0.564,0.210,0.185,1.000
0.223,0.547,0.122,0.423,1.000
0.513,0.446,0.229,0.530,1.000
0.530,0.496,0.263,0.387,1.000
0.440,0.532,0.234,0.894,1.000
0.522,0.543,0.284,0.430,1.000
0.320,0.508,0.163,0.542,1.000
0.453,0.483,0.219,0.357,1.000
0.554,0.516,0.286,0.387,1.000
0.292,0.482,0.141,0.690,1.000
0.494,0.684,0.338,0.549,1.000
0.508,0.369,0.187,0.356,1.000
0.636,0.627,0.399,0.526,1.000
0.654,0.640,0.419,0.204,1.000
0.332,0.347,0.115,0.339,1.000
0.262,0.492,0.129,0.368,1.000
0.585,0.452,0.264,0.311,1.000
0.635,0.554,0.352,0.719,1.000
0.427,0.563,0.240,0.342,1.000
0.553,0.642,0.355,0.363,1.000
0.482,0.609,0.294,0.460,1.000
0.458,0.840,0.385,0.248,1.000
0.512,0.338,0.173,0.592,1.000
0.368,0.127,0.047,0.445,1.000
0.390,0.574,0.224,0.368,1.000
0.550,0.355,0.196,0.104,1.000
0.210,0.344,0.072,0.529,1.000
0.451,0.468,0.211,0.589,1.000
0.431,0.539,0.232,0.520,1.000
0.633,0.769,0.487,0.215,1.000
0.446,0.348,0.155,0.541,1.000
0.458,0.620,0.284,0.439,1.000
0.426,0.520,0.222,0.168,1.000
0.351,0.412,0.145,0.772,1.000
0.438,0.513,0.225,0.483,1.000
0.502,0.263,0.132,0.483,1.000
0.448,0.660,0.296,0.582,1.000
0.592,0.319,0.189,0.516,1.000
0.405,0.440,0.178,0.153,1.000
0.484,0.348,0.169,0.592,1.000
0.657,0.551,0.362,0.553,1.000
0.487,0.569,0.277,0.212,1.000
0.557,0.227,0.127,0.455,1.000
0.642,0.281,0.181,0.912,1.000
0.680,0.288,0.196,0.321,1.000
0.615,0.331,0.203,0.561,1.000
0.266,0.336,0.089,0.404,1.000
0.301,0.377,0.113,0.752,1.000
0.611,0.713,0.436,0.805,1.000
0.703,0.557,0.391,0.523,1.000
0.778,0.674,0.524,0.238,1.000
0.412,0.663,0.273,0.675,1.000
0.490,0.413,0.202,0.038,1.000
0.445,0.514,0.229,0.284,1.000
0.496,0.545,0.270,0.517,1.000
0.469,0.449,0.211,0.449,1.000
0.545,0.394,0.215,0.619,1.000
0.606,0.401,0.243,0.485,1.000
0.604,0.361,0.218,0.358,1.000
0.626,0.857,0.537,0.601,1.000
0.533,0.275,0.147,0.733,1.000
0.531,0.420,0.223,0.640,1.000
0.506,0.572,0.289,0.429,1.000
0.445,0.549,0.245,0.396,1.000
0.423,0.389,0.164,0.667,1.000
0.308,0.532,0.164,0.450,1.000
0.543,0.558,0.303,0.405,1.000
0.405,0.326,0.132,0.776,1.000
0.368,0.575,0.211,0.667,1.000
0.618,0.526,0.325,0.328,1.000
0.449,0.534,0.240,0.677,1.000
0.439,0.497,0.219,0.559,1.000
0.319,0.393,0.125,0.477,1.000
0.216,0.521,0.113,0.269,1.000
0.667,0.501,0.334,0.275,1.000
0.449,0.449,0.202,0.537,1.000
0.433,0.494,0.214,0.392,1.000
0.449,0.497,0.224,0.379,1.000
0.619,0.599,0.371,0.475,1.000
0.644,0.497,0.320,0.289,1.000
0.473,0.364,0.172,0.800,1.000
0.464,0.515,0.239,0.465,1.000
0.391,0.698,0.273,1.041,1.000
0.469,0.559,0.262,0.503,1.000
0.486,0.276,0.134,0.609,1.000
0.443,0.637,0.283,0.288,1.000
0.597,0.372,0.222,0.587,1.000
0.245,0.553,0.135,0.392,1.000
0.375,0.456,0.171,0.476,1.000
0.508,0.503,0.255,0.062,1.000
0.410,0.523,0.214,0.476,1.000
0.604,0.496,0.299,0.322,1.000
0.603,0.433,0.261,0.327,1.000
0.446,0.547,0.244,0.302,1.000
0.603,0.632,0.381,0.607,1.000
0.363,0.594,0.216,0.290,1.000
0.314,0.590,0.185,0.600,1.000
0.533,0.716,0.381,0.286,1.000
0.699,0.277,0.194,0.378,1.000
0.389,0.409,0.159,0.580,1.000
0.543,0.620,0.336,0.891,1.000
0.540,0.516,0.279,0.522,1.000
0.357,0.626,0.223,0.394,1.000
0.586,0.641,0.376,0.577,1.000
0.449,0.622,0.279,0.337,1.000
0.413,0.601,0.248,0.665,1.000
0.353,0.502,0.177,0.623,1.000
0.507,0.405,0.205,0.358,1.000
0.510,0.754,0.384,0.534,1.000
0.315,0.545,0.172,0.438,1.000
0.616,0.537,0.331,0.889,1.000
0.436,0.616,0.269,0.418,1.000
0.862,0.318,0.274,0.527,1.000
0.307,0.442,0.135,0.608,1.000
0.389,0.615,0.239,0.584,1.000
0.430,0.449,0.193,0.717,1.000
0.378,0.649,0.245,0.603,1.000
0.373,0.728,0.272,0.660,1.000
0.490,0.340,0.166,0.586,1.000
0.546,0.385,0.210,0.426,1.000
0.473,0.588,0.279,0.651,1.000
0.638,0.648,0.413,0.220,1.000
0.366,0.618,0.226,0.461,1.000
0.463,0.362,0.168,0.513,1.000
0.362,0.532,0.193,0.511,1.000
0.507,0.760,0.385,0.636,1.000
0.482,0.402,0.194,0.709,1.000
0.326,0.657,0.214,0.373,1.000
0.495,0.299,0.148,0.379,1.000
0.493,0.700,0.345,0.371,1.000
0.642,0.600,0.386,0.421,1.000
0.567,0.159,0.090,0.494,1.000
0.290,0.542,0.157,0.369,1.000
0.467,0.357,0.166,0.349,1.000
0.578,0.586,0.339,0.781,1.000
0.511,0.712,0.364,0.530,1.000
0.587,0.550,0.323,0.752,1.000
0.248,0.625,0.155,0.462,1.000
0.626,0.311,0.195,0.459,1.000
0.570,0.422,0.241,0.746,1.000
0.438,0.726,0.318,0.741,1.000
0.438,0.348,0.152,0.354,1.000
0.620,0.654,0.406,0.548,1.000
0.628,0.565,0.355,0.940,1.000
0.410,0.527,0.216,0.476,1.000
0.705,0.513,0.361,0.396,1.000
0.129,0.420,0.054,0.523,1.000
0.444,0.431,0.191,0.449,1.000
0.615,0.495,0.304,0.448,1.000
0.750,0.595,0.446,0.634,1.000
0.391,0.479,0.187,0.413,1.000
0.443,0.409,0.181,0.373,1.000
0.576,0.541,0.312,0.785,1.000
0.521,0.606,0.316,0.504,1.000
0.568,0.775,0.440,0.472,1.000
0.548,0.484,0.265,0.578,1.000
0.614,0.082,0.050,0.445,1.000
0.339,0.628,0.213,0.363,1.000
0.281,0.544,0.153,0.062,1.000
0.556,0.477,0.265,0.435,1.000
0.565,0.530,0.299,0.651,1.000
0.508,0.445,0.226,0.307,1.000
0.536,0.396,0.212,0.695,1.000
0.385,0.325,0.125,0.634,1.000
0.587,0.143,0.084,0.503,1.000
0.283,0.564,0.160,0.179,1.000
0.501,0.459,0.230,0.701,1.000
0.582,0.333,0.194,0.561,1.000
0.375,0.362,0.136,0.432,1.000
0.376,0.667,0.251,0.647,1.000
0.477,0.223,0.106,0.073,1.000
0.599,0.329,0.197,0.628,1.000
0.410,0.355,0.146,0.407,1.000
0.424,0.570,0.241,0.526,1.000
0.523,0.628,0.328,0.285,1.000
0.464,0.569,0.264,0.576,1.000
0.300,0.660,0.198,0.365,1.000
0.633,0.399,0.253,0.321,1.000
0.667,0.526,0.351,0.563,1.000
0.630,0.528,0.333,0.451,1.000
0.401,0.639,0.256,0.280,1.000
0.371,0.636,0.236,0.685,1.000
0.416,0.449,0.187,0.336,1.000
0.358,0.654,0.234,0.738,1.000
0.617,0.567,0.350,0.342,1.000
0.606,0.479,0.290,0.544,1.000
0.754,0.337,0.254,0.877,1.000
0.375,0.592,0.222,0.489,1.000
0.418,0.593,0.248,0.501,1.000
0.466,0.778,0.363,0.349,1.000
0.326,0.511,0.166,0.102,1.000
0.739,0.398,0.294,0.536,1.000
0.731,0.151,0.110,0.578,1.000
0.606,0.587,0.356,0.572,1.000
0.350,0.672,0.235,0.456,1.000
0.571,0.714,0.407,0.430,1.000
0.777,0.422,0.328,0.534,1.000
0.512,0.673,0.345,0.255,1.000
0.670,0.439,0.294,0.432,1.000
0.500,0.311,0.156,0.059,1.000
0.450,0.733,0.330,0.537,1.000
0.677,0.392,0.265,0.447,1.000
0.341,0.463,0.158,0.735,1.000
0.476,0.496,0.236,0.348,1.000
0.481,0.451,0.217,0.523,1.000
0.498,0.446,0.222,0.553,1.000
0.363,0.628,0.228,0.580,1.000
0.452,0.528,0.239,0.545,1.000
0.425,0.401,0.170,0.222,1.000
0.399,0.622,0.248,0.579,1.000
0.494,0.429,0.212,0.464,1.000
0.652,0.517,0.337,0.833,1.000
0.506,0.572,0.290,0.339,1.000
0.361,0.506,0.183,0.172,1.000
0.297,0.702,0.208,0.540,1.000
0.616,0.483,0.298,0.437,1.000
0.473,0.570,0.270,0.455,1.000
0.545,0.385,0.210,0.834,1.000
0.612,0.504,0.308,0.435,1.000
0.527,0.619,0.327,0.323,1.000
0.510,0.537,0.274,0.258,1.000
0.551,0.477,0.263,0.661,1.000
0.251,0.495,0.124,0.506,1.000
0.515,0.539,0.278,0.472,1.000
0.361,0.495,0.179,0.543,1.000
0.506,0.285,0.144,0.371,1.000
0.472,0.395,0.186,0.745,1.000
0.386,0.511,0.198,0.727,1.000
0.569,0.325,0.185,0.745,1.000
0.406,0.452,0.184,0.635,1.000
0.569,0.418,0.238,1.028,1.000
0.658,0.604,0.398,0.684,1.000
0.639,0.408,0.261,0.294,1.000
0.463,0.489,0.226,0.470,1.000
0.403,0.532,0.215,0.337,1.000
0.674,0.480,0.324,0.370,1.000
0.462,0.577,0.267,0.624,1.000
0.405,0.296,0.120,0.562,1.000
0.379,0.872,0.331,0.633,1.000
0.390,0.393,0.153,0.600,1.000
0.682,0.579,0.395,0.424,1.000
0.597,0.327,0.195,0.648,1.000
0.667,0.485,0.324,0.474,1.000
0.723,0.506,0.366,0.814,1.000
0.513,0.358,0.184,0.821,1.000
0.505,0.560,0.283,0.733,1.000
0.666,0.485,0.322,0.412,1.000
0.898,0.494,0.444,0.724,1.000
0.344,0.272,0.094,-0.063,1.000
0.353,0.499,0.176,0.438,1.000
0.667,0.465,0.310,0.480,1.000
0.479,0.500,0.239,0.613,1.000
0.598,0.544,0.326,0.617,1.000
0.260,0.465,0.121,0.397,1.000
0.578,0.540,0.312,0.451,1.000
0.510,0.689,0.351,0.857,1.000
0.196,0.570,0.112,0.276,1.000
0.465,0.501,0.233,1.074,1.000
0.439,0.569,0.250,0.339,1.000
0.649,0.329,0.214,0.572,1.000
0.438,0.637,0.279,0.686,1.000
0.606,0.579,0.351,0.580,1.000
0.590,0.564,0.332,0.587,1.000
0.486,0.474,0.231,0.394,1.000
0.650,0.429,0.279,0.820,1.000
0.764,0.468,0.357,0.798,1.000
0.364,0.559,0.203,0.301,1.000
0.299,0.512,0.153,0.260,1.000
0.425,0.326,0.138,0.476,1.000
0.688,0.578,0.398,0.248,1.000
0.579,0.539,0.312,0.271,1.000
0.210,0.633,0.133,0.619,1.000
0.639,0.666,0.426,0.735,1.000
0.945,0.372,0.351,0.709,1.000
0.502,0.280,0.140,0.280,1.000
0.454,0.260,0.118,0.361,1.000
0.438,0.614,0.269,0.727,1.000
0.555,0.711,0.395,0.733,1.000
0.520,0.719,0.374,0.448,1.000
0.371,0.531,0.197,0.860,1.000
0.561,0.564,0.316,0.424,1.000
0.512,0.565,0.290,0.704,1.000
0.423,0.356,0.151,0.341,1.000
0.411,0.589,0.242,0.571,1.000
0.386,0.528,0.204,0.507,1.000
0.592,0.440,0.261,0.311,1.000
0.507,0.547,0.277,0.347,1.000
0.644,0.583,0.375,0.452,1.000
0.526,0.592,0.312,0.456,1.000
0.501,0.296,0.148,0.352,1.000
0.494,0.429,0.212,0.572,1.000
0.616,0.479,0.295,0.437,1.000
0.530,0.438,0.232,0.335,1.000
0.261,0.443,0.116,0.416,1.000
0.379,0.547,0.207,0.288,1.000
0.281,0.294,0.083,0.771,1.000
0.453,0.562,0.255,0.263,1.000
0.544,0.456,0.248,0.403,1.000
0.550,0.374,0.206,0.584,1.000
0.389,0.485,0.188,0.492,1.000
0.632,0.612,0.387,0.497,1.000
0.370,0.383,0.142,0.837,1.000
0.364,0.534,0.194,0.469,1.000
0.485,0.550,0.266,0.294,1.000
0.452,0.519,0.235,0.576,1.000
0.446,0.559,0.249,0.653,1.000
0.314,0.672,0.211,0.077,1.000
0.528,0.514,0.271,0.509,1.000
0.514,0.491,0.252,0.430,1.000
0.663,0.423,0.281,0.441,1.000
0.361,0.465,0.168,0.666,1.000
0.363,0.499,0.181,0.199,1.000
0.522,0.458,0.239,0.422,1.000
0.611,0.632,0.387,0.702,1.000
0.361,0.555,0.200,0.981,1.000
0.607,0.540,0.328,0.734,1.000
0.564,0.296,0.167,0.441,1.000
0.489,0.312,0.153,0.660,1.000
0.493,0.477,0.235,0.643,1.000
0.620,0.467,0.289,0.485,1.000
0.584,0.569,0.332,0.542,1.000
0.407,0.651,0.265,0.732,1.000
0.638,0.389,0.248,0.461,1.000
0.436,0.633,0.276,0.353,1.000
0.232,0.624,0.145,0.546,1.000
0.561,0.543,0.305,0.011,1.000
0.582,0.595,0.347,0.300,1.000
0.512,0.460,0.236,0.498,1.000
0.388,0.521,0.202,0.434,1.000
0.621,0.600,0.373,0.464,1.000
0.522,0.539,0.281,0.418,1.000
0.518,0.425,0.220,0.207,1.000
0.335,0.695,0.233,0.604,1.000
0.503,0.660,0.332,0.526,1.000
0.565,0.648,0.366,0.657,1.000
0.748,0.611,0.457,0.496,1.000
0.784,0.456,0.358,0.514,1.000
0.436,0.578,0.252,0.336,1.000
0.484,0.177,0.086,0.165,1.000
0.282,0.666,0.188,0.638,1.000
0.524,0.494,0.259,0.549,1.000
0.720,0.380,0.274,0.218,1.000
0.379,0.529,0.200,0.486,1.000
0.325,0.549,0.178,0.526,1.000
0.451,0.678,0.306,0.534,1.000
0.464,0.604,0.280,0.556,1.000
0.393,0.677,0.266,0.314,1.000
0.343,0.677,0.232,0.551,1.000
0.595,0.502,0.299,0.362,1.000
0.592,0.404,0.239,0.440,1.000
0.610,0.543,0.331,0.286,1.000
0.619,0.531,0.329,0.470,1.000
0.528,0.516,0.273,0.624,1.000
0.472,0.391,0.185,0.428,1.000
0.485,0.628,0.304,0.512,1.000
0.531,0.555,0.295,0.633,1.000
0.450,0.435,0.196,0.756,1.000
0.517,0.492,0.254,0.435,1.000
0.512,0.502,0.257,0.295,1.000
0.466,0.491,0.229,0.348,1.000
0.540,0.406,0.219,0.516,1.000
0.558,0.458,0.255,0.552,1.000
0.308,0.529,0.163,0.372,1.000
0.793,0.493,0.391,0.382,1.000
0.409,0.419,0.172,0.427,1.000
0.792,0.506,0.401,0.387,1.000
0.373,0.458,0.171,0.386,1.000
0.510,0.752,0.384,0.491,1.000
0.512,0.633,0.324,0.492,1.000
0.486,0.536,0.261,0.233,1.000
0.368,0.348,0.128,0.602,1.000
0.453,0.496,0.225,0.272,1.000
0.546,0.462,0.252,0.561,1.000
0.690,0.603,0.416,0.424,1.000
0.314,0.587,0.184,0.183,1.000
0.302,0.534,0.161,0.593,1.000
0.758,0.242,0.184,0.630,1.000
0.489,0.683,0.334,0.439,1.000
0.413,0.423,0.175,0.282,1.000
0.550,0.565,0.311,0.397,1.000
0.523,0.307,0.161,0.543,1.000
0.453,0.357,0.162,0.492,1.000
0.483,0.685,0.331,0.563,1.000
0.473,0.526,0.249,0.593,1.000
0.403,0.438,0.177,0.325,1.000
0.584,0.361,0.211,0.472,1.000
0.452,0.352,0.159,0.661,1.000
0.310,0.419,0.130,0.503,1.000
0.642,0.247,0.158,0.386,1.000
0.420,0.445,0.187,0.614,1.000
0.498,0.689,0.343,0.582,1.000
0.649,0.407,0.264,0.274,1.000
0.475,0.573,0.272,0.263,1.000
0.539,0.453,0.244,0.322,1.000
0.567,0.588,0.334,0.513,1.000
0.481,0.709,0.341,0.607,1.000
0.449,0.480,0.215,0.584,1.000
0.601,0.244,0.147,0.569,1.000
0.468,0.596,0.279,0.338,1.000
0.536,0.288,0.155,0.467,1.000
0.397,0.361,0.144,0.595,1.000
0.517,0.522,0.270,0.392,1.000
0.468,0.548,0.257,0.461,1.000
0.435,0.551,0.240,0.523,1.000
0.448,0.409,0.183,0.638,1.000
0.555,0.618,0.343,0.576,1.000
0.550,0.390,0.214,0.518,1.000
0.511,0.292,0.149,0.632,1.000
0.440,0.283,0.125,0.507,1.000
0.643,0.697,0.448,0.719,1.000
0.523,0.474,0.248,0.451,1.000
0.802,0.627,0.503,0.217,1.000
0.499,0.393,0.196,0.597,1.000
0.363,0.620,0.225,0.729,1.000
0.320,0.393,0.126,0.594,1.000
0.467,0.358,0.167,0.376,1.000
0.434,0.395,0.172,0.732,1.000
0.231,0.323,0.074,0.461,1.000
0.588,0.257,0.151,0.789,1.000
0.347,0.408,0.141,0.353,1.000
0.523,0.609,0.319,0.633,1.000
0.511,0.475,0.243,0.488,1.000
0.462,0.585,0.270,0.447,1.000
0.641,0.481,0.308,0.398,1.000
0.463,0.405,0.188,0.585,1.000
0.655,0.726,0.475,0.445,1.000
0.699,0.660,0.461,0.523,1.000
0.669,0.458,0.307,0.559,1.000
0.451,0.553,0.249,0.454,1.000
0.612,0.417,0.255,0.483,1.000
0.655,0.489,0.320,0.818,1.000
0.560,0.428,0.240,0.663,1.000
0.553,0.554,0.306,0.458,1.000
0.495,0.563,0.279,0.431,1.000
0.384,0.466,0.179,0.209,1.000
0.642,0.519,0.333,0.385,1.000
0.345,0.320,0.110,0.345,1.000
0.432,0.575,0.248,0.632,1.000
0.701,0.534,0.374,0.367,1.000
0.485,0.439,0.213,0.522,1.000
0.555,0.515,0.285,0.489,1.000
0.663,0.525,0.348,0.556,1.000
0.522,0.541,0.283,0.655,1.000
0.354,0.494,0.175,0.563,1.000
0.485,0.397,0.192,0.407,1.000
0.356,0.591,0.211,0.456,1.000
0.536,0.450,0.241,0.486,1.000
0.461,0.568,0.262,0.575,1.000
0.390,0.657,0.256,0.442,1.000
0.498,0.585,0.291,0.431,1.000
0.560,0.600,0.336,0.675,1.000
0.369,0.356,0.131,0.756,1.000
0.498,0.682,0.340,0.637,1.000
0.690,0.385,0.265,0.664,1.000
0.438,0.515,0.225,0.442,1.000
0.493,0.485,0.239,0.572,1.000
0.593,0.695,0.412,0.862,1.000
0.674,0.545,0.367,0.465,1.000
0.591,0.390,0.230,0.426,1.000
0.535,0.551,0.295,0.609,1.000
0.507,0.612,0.310,0.654,1.000
0.573,0.588,0.337,0.543,1.000
0.416,0.209,0.087,0.402,1.000
0.410,0.525,0.215,0.447,1.000
0.397,0.650,0.258,0.515,1.000
0.744,0.495,0.368,0.487,1.000
0.561,0.483,0.271,0.376,1.000
0.460,0.224,0.103,0.676,1.000
0.265,0.484,0.128,0.635,1.000
0.549,0.471,0.258,0.405,1.000
0.594,0.429,0.255,0.371,1.000
0.337,0.594,0.200,0.454,1.000
0.514,0.436,0.224,0.536,1.000
0.587,0.435,0.255,0.406,1.000
0.452,0.319,0.144,0.522,1.000
0.261,0.615,0.161,0.459,1.000
0.683,0.410,0.280,0.573,1.000
0.586,0.242,0.142,0.555,1.000
0.689,0.618,0.426,0.614,1.000
0.447,0.471,0.211,0.783,1.000
0.395,0.452,0.178,0.659,1.000
0.297,0.224,0.066,0.337,1.000
0.652,0.406,0.265,0.225,1.000
0.754,0.563,0.424,0.569,1.000
0.253,0.451,0.114,0.590,1.000
0.471,0.466,0.219,0.645,1.000
0.612,0.525,0.321,0.317,1.000
0.835,0.446,0.372,0.658,1.000
0.620,0.484,0.300,0.631,1.000
0.372,0.665,0.247,0.498,1.000
0.734,0.593,0.435,0.582,1.000
0.464,0.585,0.271,0.640,1.000
0.612,0.332,0.203,0.632,1.000
0.497,0.507,0.252,0.600,1.000
0.714,0.419,0.299,0.363,1.000
0.450,0.475,0.214,0.842,1.000
0.554,0.497,0.275,0.723,1.000
0.539,0.554,0.299,0.397,1.000
0.630,0.602,0.379,0.638,1.000
0.521,0.528,0.275,0.603,1.000
0.597,0.404,0.241,0.773,1.000
0.393,0.450,0.177,0.538,1.000
0.567,0.631,0.357,0.596,1.000
0.442,0.500,0.221,0.603,1.000
0.360,0.427,0.154,0.520,1.000
0.529,0.728,0.385,0.398,1.000
0.494,0.508,0.251,0.510,1.000
0.527,0.587,0.309,0.643,1.000
0.441,0.469,0.207,0.697,1.000
0.453,0.542,0.246,0.543,1.000
0.508,0.486,0.247,0.797,1.000
0.570,0.484,0.276,0.602,1.000
0.459,0.637,0.292,0.481,1.000
0.587,0.387,0.227,0.863,1.000
0.557,0.630,0.351,0.393,1.000
0.439,0.499,0.219,0.622,1.000
0.467,0.206,0.096,0.157,1.000
0.653,0.651,0.425,0.675,1.000
0.386,0.324,0.125,0.576,1.000
0.576,0.495,0.285,0.401,1.000
0.624,0.568,0.354,0.515,1.000
0.404,0.391,0.158,0.342,1.000
0.566,0.587,0.332,0.411,1.000
0.670,0.482,0.323,0.510,1.000
0.511,0.361,0.184,0.748,1.000
0.453,0.494,0.224,0.279,1.000
0.382,0.490,0.187,0.286,1.000
0.531,0.471,0.250,0.307,1.000
0.315,0.409,0.129,0.454,1.000
0.549,0.575,0.316,0.478,1.000
0.401,0.576,0.231,0.215,1.000
0.420,0.457,0.192,0.162,1.000
0.294,0.309,0.091,0.361,1.000
0.319,0.542,0.173,0.557,1.000
0.479,0.521,0.249,0.665,1.000
0.636,0.591,0.376,0.620,1.000
0.434,0.300,0.130,0.396,1.000
0.455,0.683,0.311,0.454,1.000
0.624,0.463,0.289,0.417,1.000
0.492,0.381,0.187,0.545,1.000
0.412,0.441,0.182,0.613,1.000
0.478,0.650,0.311,0.310,1.000
0.573,0.715,0.409,0.601,1.000
0.384,0.573,0.220,0.467,1.000
0.293,0.420,0.123,0.355,1.000
0.196,0.445,0.087,0.553,1.000
0.533,0.738,0.394,0.583,1.000
0.662,0.529,0.350,0.264,1.000
0.325,0.481,0.156,0.501,1.000
0.285,0.483,0.138,0.401,1.000
0.545,0.528,0.288,0.251,1.000
0.597,0.590,0.352,0.535,1.000
0.427,0.528,0.225,0.250,1.000
0.430,0.534,0.230,0.099,1.000
0.512,0.653,0.335,0.386,1.000
0.552,0.498,0.275,0.532,1.000
0.630,0.498,0.314,0.528,1.000
0.537,0.417,0.224,0.516,1.000
0.634,0.578,0.366,0.531,1.000
0.498,0.563,0.280,0.523,1.000
0.624,0.455,0.284,0.504,1.000
0.550,0.275,0.151,0.538,1.000
0.402,0.491,0.197,0.507,1.000
0.486,0.551,0.268,0.083,1.000
0.601,0.619,0.372,0.162,1.000
0.369,0.388,0.143,0.325,1.000
0.424,0.238,0.101,0.325,1.000
0.449,0.591,0.265,0.548,1.000
0.510,0.429,0.219,0.449,1.000
0.747,0.458,0.342,0.511,1.000
0.351,0.642,0.225,0.374,1.000
0.600,0.601,0.361,0.319,1.000
0.367,0.700,0.257,0.328,1.000
0.776,0.367,0.285,0.642,1.000
0.498,0.420,0.209,0.548,1.000
0.561,0.414,0.232,0.380,1.000
0.271,0.523,0.142,0.819,1.000
0.352,0.530,0.186,0.512,1.000
0.305,0.620,0.189,0.237,1.000
0.456,0.508,0.232,0.685,1.000
0.253,0.516,0.131,0.607,1.000
0.571,0.446,0.255,0.703,1.000
0.569,0.558,0.318,0.330,1.000
0.556,0.463,0.258,0.796,1.000
0.361,0.839,0.303,0.380,1.000
0.588,0.546,0.321,0.850,1.000
0.552,0.362,0.200,0.524,1.000
0.400,0.474,0.190,0.276,1.000
0.541,0.577,0.312,0.443,1.000
0.524,0.453,0.237,0.610,1.000
0.638,0.628,0.401,0.429,1.000
0.551,0.571,0.315,0.467,1.000
0.244,0.430,0.105,0.487,1.000
0.612,0.516,0.316,0.658,1.000
0.502,0.338,0.170,0.671,1.000
0.276,0.339,0.094,0.343,1.000
0.417,0.681,0.284,0.530,1.000
0.321,0.704,0.226,0.455,1.000
0.564,0.430,0.243,0.542,1.000
0.585,0.353,0.206,0.512,1.000
0.697,0.603,0.420,0.559,1.000
0.396,0.526,0.208,0.577,1.000
0.351,0.467,0.164,0.368,1.000
0.323,0.356,0.115,0.591,1.000
0.651,0.535,0.349,0.690,1.000
0.461,0.534,0.246,0.417,1.000
0.455,0.379,0.173,0.539,1.000
0.638,0.228,0.146,0.366,1.000
0.447,0.623,0.279,0.674,1.000
0.502,0.567,0.285,0.707,1.000
0.422,0.650,0.274,0.615,1.000
0.603,0.492,0.297,0.775,1.000
0.441,0.746,0.329,0.577,1.000
0.535,0.550,0.294,0.468,1.000
0.480,0.374,0.179,0.535,1.000
0.651,0.463,0.302,0.477,1.000
0.581,0.547,0.317,0.464,1.000
0.571,0.506,0.289,0.271,1.000
0.623,0.629,0.392,0.564,1.000
0.474,0.332,0.158,0.340,1.000
0.473,0.347,0.164,0.450,1.000
0.456,0.478,0.218,0.582,1.000
0.612,0.701,0.429,0.577,1.000
0.507,0.509,0.258,0.242,1.000
0.405,0.536,0.217,0.542,1.000
0.604,0.498,0.300,0.611,1.000
0.883,0.416,0.367,0.380,1.000
0.500,0.649,0.325,0.760,1.000
0.292,0.498,0.145,0.622,1.000
0.490,0.558,0.274,0.518,1.000
0.351,0.539,0.189,0.391,1.000
0.486,0.584,0.284,0.440,1.000
0.454,0.347,0.157,0.611,1.000
0.478,0.464,0.222,0.568,1.000
0.575,0.510,0.293,0.764,1.000
0.400,0.642,0.257,0.511,1.000
0.520,0.321,0.167,0.634,1.000
0.859,0.620,0.533,0.301,1.000
0.506,0.416,0.210,0.266,1.000
0.600,0.135,0.081,0.257,1.000
0.410,0.277,0.114,0.405,1.000
0.520,0.513,0.267,0.547,1.000
0.418,0.526,0.220,0.730,1.000
0.504,0.615,0.310,0.307,1.000
0.560,0.508,0.284,0.227,1.000
0.538,0.418,0.225,0.607,1.000
0.404,0.436,0.176,0.183,1.000
0.326,0.410,0.134,0.824,1.000
0.614,0.344,0.211,0.711,1.000
0.539,0.531,0.287,0.150,1.000
0.679,0.197,0.134,0.337,1.000
0.233,0.763,0.178,0.524,1.000
0.463,0.562,0.260,0.573,1.000
0.529,0.463,0.245,0.205,1.000
0.509,0.653,0.332,0.585,1.000
0.454,0.554,0.251,0.634,1.000
0.426,0.523,0.223,0.284,1.000
0.594,0.497,0.296,0.286,1.000
0.531,0.451,0.239,0.503,1.000
0.527,0.579,0.305,0.856,1.000
0.430,0.576,0.248,0.697,1.000
0.481,0.808,0.389,0.564,1.000
0.440,0.433,0.191,0.417,1.000
0.460,0.545,0.251,0.707,1.000
0.547,0.557,0.304,0.559,1.000
0.512,0.365,0.187,0.717,1.000
0.439,0.367,0.161,0.380,1.000
0.643,0.464,0.299,0.363,1.000
0.410,0.503,0.206,0.224,1.000
0.545,0.414,0.226,0.592,1.000
0.471,0.433,0.204,0.286,1.000
0.486,0.442,0.215,0.660,1.000
0.629,0.701,0.441,0.284,1.000
0.500,0.537,0.268,0.304,1.000
0.785,0.605,0.475,0.758,1.000
0.474,0.420,0.199,0.674,1.000
0.646,0.372,0.240,0.440,1.000
0.496,0.651,0.323,0.409,1.000
0.608,0.312,0.190,0.304,1.000
0.835,0.559,0.467,0.477,1.000
0.660,0.536,0.354,0.381,1.000
0.427,0.606,0.259,0.342,1.000
0.475,0.634,0.301,0.494,1.000
0.481,0.459,0.221,0.633,1.000
0.270,0.609,0.165,0.076,1.000
0.711,0.459,0.326,0.836,1.000
0.410,0.237,0.097,0.568,1.000
0.561,0.585,0.328,0.538,1.000
0.678,0.372,0.252,0.674,1.000
0.395,0.526,0.208,0.394,1.000
0.539,0.554,0.299,0.381,1.000
0.593,0.784,0.464,0.256,1.000
0.505,0.495,0.250,0.521,1.000
0.318,0.408,0.130,0.424,1.000
0.453,0.596,0.270,0.642,1.000
0.562,0.694,0.390,0.604,1.000
0.571,0.540,0.309,0.712,1.000
0.396,0.558,0.221,0.270,1.000
0.400,0.463,0.185,0.503,1.000
0.575,0.554,0.319,0.508,1.000
0.488,0.430,0.210,0.232,1.000
0.543,0.723,0.393,0.409,1.000
0.568,0.659,0.375,0.558,1.000
0.631,0.351,0.222,0.475,1.000
0.383,0.511,0.196,0.328,1.000
0.698,0.523,0.365,0.932,1.000
0.539,0.772,0.416,0.678,1.000
0.630,0.486,0.306,0.549,1.000
0.412,0.598,0.246,0.628,1.000
0.625,0.528,0.330,0.747,1.000
0.430,0.584,0.251,0.505,1.000
0.552,0.552,0.304,0.390,1.000
0.533,0.587,0.313,0.483,1.000
0.672,0.599,0.402,0.344,1.000
0.556,0.661,0.367,0.212,1.000
0.461,0.346,0.159,0.513,1.000
0.552,0.433,0.239,0.509,1.000
0.376,0.358,0.135,0.395,1.000
0.393,0.631,0.248,0.458,1.000
0.367,0.452,0.166,0.702,1.000
0.684,0.549,0.375,0.703,1.000
0.643,0.513,0.330,0.312,1.000
0.422,0.489,0.207,0.292,1.000
0.431,0.609,0.262,0.727,1.000
0.785,0.575,0.451,0.568,1.000
0.525,0.353,0.185,0.354,1.000
0.337,0.537,0.181,0.634,1.000
0.412,0.625,0.258,0.427,1.000
0.749,0.434,0.325,0.497,1.000
0.570,0.573,0.327,0.572,1.000
0.718,0.494,0.355,0.387,1.000
0.441,0.517,0.228,0.522,1.000
0.584,0.505,0.295,0.412,1.000
0.588,0.352,0.207,0.215,1.000
0.551,0.543,0.299,0.882,1.000
0.369,0.494,0.182,0.286,1.000
0.293,0.488,0.143,0.518,1.000
0.472,0.631,0.297,0.488,1.000
0.420,0.615,0.258,0.329,1.000
0.636,0.784,0.499,0.391,1.000
0.458,0.422,0.194,0.487,1.000
0.523,0.361,0.189,0.557,1.000
0.497,0.394,0.195,0.696,1.000
0.407,0.602,0.245,0.315,1.000
0.327,0.511,0.167,0.905,1.000
0.259,0.491,0.127,0.384,1.000
0.717,0.418,0.300,0.610,1.000
0.429,0.689,0.296,0.386,1.000
0.477,0.485,0.231,0.313,1.000
0.418,0.425,0.177,0.304,1.000
0.420,0.352,0.148,0.532,1.000
0.651,0.376,0.245,0.349,1.000
0.712,0.523,0.372,0.084,1.000
0.544,0.432,0.235,0.362,1.000
0.647,0.605,0.391,0.640,1.000
0.437,0.551,0.241,0.294,1.000
0.774,0.334,0.259,0.310,1.000
0.513,0.652,0.334,0.505,1.000
0.637,0.614,0.391,0.400,1.000
0.401,0.469,0.188,0.431,1.000
0.579,0.311,0.180,0.665,1.000
0.551,0.431,0.237,0.453,1.000
0.516,0.729,0.377,0.335,1.000
0.425,0.444,0.189,0.799,1.000
0.364,0.522,0.190,0.484,1.000
0.526,0.486,0.256,0.236,1.000
0.592,0.698,0.413,0.656,1.000
0.336,0.467,0.157,0.503,1.000
0.644,0.349,0.225,0.492,1.000
0.465,0.281,0.131,0.707,1.000
0.427,0.405,0.173,0.757,1.000
0.452,0.592,0.268,0.699,1.000
0.387,0.503,0.194,0.513,1.000
0.329,0.528,0.174,0.355,1.000
0.644,0.508,0.327,0.540,1.000
0.513,0.447,0.229,0.523,1.000
0.487,0.459,0.224,0.446,1.000
0.329,0.626,0.206,0.475,1.000
0.448,0.640,0.287,0.620,1.000
0.607,0.294,0.179,0.455,1.000
0.449,0.492,0.221,0.254,1.000
0.280,0.482,0.135,0.519,1.000
0.590,0.559,0.330,0.686,1.000
0.691,0.499,0.344,0.443,1.000
0.404,0.683,0.275,0.521,1.000
0.572,0.668,0.383,0.531,1.000
0.545,0.609,0.332,0.382,1.000
0.394,0.378,0.149,0.414,1.000
0.314,0.410,0.129,0.057,1.000
0.609,0.465,0.283,0.527,1.000
0.378,0.488,0.184,0.207,1.000
0.732,0.323,0.236,0.731,1.000
0.602,0.624,0.376,0.471,1.000
0.400,0.654,0.261,0.785,1.000
0.585,0.346,0.202,0.598,1.000
0.724,0.512,0.371,0.589,1.000
0.589,0.356,0.210,0.744,1.000
0.259,0.477,0.123,0.470,1.000
0.386,0.705,0.272,0.685,1.000
0.404,0.478,0.193,0.738,1.000
0.522,0.430,0.225,0.386,1.000
0.520,0.566,0.294,0.627,1.000
0.416,0.797,0.332,0.392,1.000
0.493,0.574,0.283,0.712,1.000
0.686,0.486,0.334,0.469,1.000
0.471,0.462,0.218,0.164,1.000
0.503,0.605,0.304,0.512,1.000
0.639,0.526,0.336,0.485,1.000
0.486,0.434,0.211,0.900,1.000
0.542,0.606,0.328,0.203,1.000
0.509,0.453,0.230,0.617,1.000
0.315,0.366,0.115,0.413,1.000
0.702,0.355,0.249,0.486,1.000
0.569,0.298,0.169,0.786,1.000
0.448,0.286,0.128,0.199,1.000
0.513,0.551,0.283,0.753,1.000
0.500,0.587,0.294,0.550,1.000
0.484,0.405,0.196,0.280,1.000
0.337,0.474,0.160,0.511,1.000
0.516,0.458,0.237,0.477,1.000
0.499,0.570,0.284,0.337,1.000
0.732,0.590,0.432,0.457,1.000
0.491,0.419,0.206,0.756,1.000
0.317,0.569,0.180,0.614,1.000
0.543,0.687,0.373,0.442,1.000
0.567,0.627,0.355,0.396,1.000
0.672,0.687,0.462,0.254,1.000
0.389,0.435,0.169,0.535,1.000
0.656,0.428,0.281,0.509,1.000
0.742,0.560,0.416,0.887,1.000
0.582,0.442,0.257,0.707,1.000
0.486,0.498,0.242,0.593,1.000
0.366,0.349,0.128,0.638,1.000
0.426,0.508,0.216,0.756,1.000
0.565,0.497,0.281,0.370,1.000
0.388,0.322,0.125,0.488,1.000
0.383,0.571,0.219,0.300,1.000
0.292,0.380,0.111,0.549,1.000
0.365,0.215,0.079,0.459,1.000
0.421,0.534,0.224,0.644,1.000
0.477,0.442,0.211,0.505,1.000
0.444,0.751,0.333,0.521,1.000
0.576,0.581,0.335,0.579,1.000
0.510,0.480,0.245,0.311,1.000
0.665,0.670,0.445,0.482,1.000
0.568,0.501,0.285,0.288,1.000
0.298,0.270,0.080,0.411,1.000
0.496,0.351,0.174,0.177,1.000
0.462,0.438,0.202,0.357,1.000
0.478,0.319,0.153,0.272,1.000
0.540,0.818,0.441,0.488,1.000
0.453,0.614,0.278,0.263,1.000
0.807,0.220,0.178,0.245,1.000
0.632,0.656,0.414,0.763,1.000
0.336,0.299,0.100,0.739,1.000
0.555,0.475,0.264,0.720,1.000
0.631,0.197,0.124,0.200,1.000
0.531,0.549,0.292,0.582,1.000
0.676,0.566,0.383,0.618,1.000
0.501,0.560,0.280,0.691,1.000
0.347,0.521,0.181,0.543,1.000
0.538,0.395,0.212,0.519,1.000
0.389,0.703,0.273,0.633,1.000
0.585,0.448,0.262,0.586,1.000
0.446,0.648,0.289,0.536,1.000
0.378,0.551,0.208,0.298,1.000
0.396,0.772,0.306,0.560,1.000
0.499,0.598,0.299,0.646,1.000
0.322,0.445,0.143,0.384,1.000
0.745,0.565,0.421,0.297,1.000
0.500,0.501,0.251,0.567,1.000
0.484,0.625,0.303,0.625,1.000
0.559,0.595,0.332,0.622,1.000
0.616,0.302,0.186,0.328,1.000
0.557,0.300,0.167,0.298,1.000
0.481,0.450,0.217,0.450,1.000
0.490,0.408,0.200,0.723,1.000
0.758,0.588,0.446,0.458,1.000
0.465,0.483,0.225,0.557,1.000
0.881,0.653,0.576,0.505,1.000
0.435,0.257,0.112,0.522,1.000
0.441,0.237,0.104,0.794,1.000
0.312,0.448,0.140,0.414,1.000
0.435,0.523,0.227,0.683,1.000
0.374,0.505,0.189,0.678,1.000
0.504,0.400,0.202,0.624,1.000
0.430,0.590,0.253,0.457,1.000
0.424,0.698,0.296,0.738,1.000
0.505,0.357,0.180,0.942,1.000
0.689,0.630,0.434,0.556,1.000
0.767,0.522,0.401,0.368,1.000
0.528,0.620,0.327,0.519,1.000
0.520,0.607,0.316,0.568,1.000
0.653,0.601,0.392,0.307,1.000
0.429,0.537,0.231,0.796,1.000
0.462,0.485,0.224,0.569,1.000
0.381,0.498,0.190,0.381,1.000
0.601,0.461,0.277,0.570,1.000
0.631,0.672,0.424,0.701,1.000
0.648,0.671,0.435,0.506,1.000
0.364,0.570,0.207,0.564,1.000
0.491,0.210,0.103,0.450,1.000
0.464,0.664,0.308,0.527,1.000
0.428,0.428,0.183,0.564,1.000
0.568,0.439,0.249,0.036,1.000
0.410,0.332,0.136,0.510,1.000
0.569,0.433,0.246,0.640,1.000
0.528,0.482,0.254,0.621,1.000
0.452,0.524,0.237,0.328,1.000
0.511,0.371,0.190,0.724,1.000
0.717,0.549,0.394,0.301,1.000
0.563,0.527,0.297,0.499,1.000
0.509,0.509,0.259,0.442,1.000
0.380,0.448,0.170,0.713,1.000
0.397,0.463,0.184,0.511,1.000
0.445,0.408,0.182,0.760,1.000
0.604,0.336,0.203,0.552,1.000
0.479,0.579,0.277,0.683,1.000
0.495,0.490,0.242,0.557,1.000
0.645,0.568,0.367,0.470,1.000
0.320,0.282,0.090,0.380,1.000
0.187,0.501,0.094,0.073,1.000
0.434,0.390,0.169,0.717,1.000
0.361,0.554,0.200,0.597,1.000
0.307,0.543,0.167,0.549,1.000
0.503,0.461,0.232,0.402,1.000
0.540,0.571,0.309,0.548,1.000
0.579,0.467,0.270,0.109,1.000
0.533,0.563,0.300,0.499,1.000
0.608,0.457,0.277,0.589,1.000
0.488,0.613,0.299,0.594,1.000
0.584,0.514,0.300,0.329,1.000
0.522,0.569,0.297,0.218,1.000
0.591,0.539,0.318,0.712,1.000
0.604,0.583,0.352,0.455,1.000
0.390,0.538,0.210,0.487,1.000
0.371,0.472,0.175,0.451,1.000
0.624,0.618,0.385,0.667,1.000
0.499,0.515,0.257,0.270,1.000
0.310,0.578,0.179,0.613,1.000
0.578,0.583,0.337,0.717,1.000
0.496,0.346,0.171,0.530,1.000
0.583,0.412,0.240,0.373,1.000
0.530,0.553,0.293,0.251,1.000
0.439,0.444,0.195,0.265,1.000
0.435,0.695,0.303,0.425,1.000
0.232,0.467,0.108,0.638,1.000
0.514,0.463,0.238,0.495,1.000
0.154,0.578,0.089,0.825,1.000
0.404,0.516,0.208,0.414,1.000
0.608,0.586,0.357,0.510,1.000
0.644,0.457,0.294,0.549,1.000
0.538,0.704,0.378,0.276,1.000
0.507,0.407,0.207,0.042,1.000
0.455,0.471,0.215,0.116,1.000
0.562,0.491,0.276,0.294,1.000
0.487,0.550,0.268,0.343,1.000
0.448,0.522,0.234,0.377,1.000
0.331,0.344,0.114,0.349,1.000
0.252,0.614,0.155,0.550,1.000
0.521,0.960,0.500,0.457,1.000
0.296,0.520,0.154,0.351,1.000
0.377,0.701,0.264,0.336,1.000
0.366,0.745,0.273,0.434,1.000
0.616,0.331,0.204,0.624,1.000
0.607,0.602,0.365,0.251,1.000
0.500,0.407,0.203,0.482,1.000
0.282,0.501,0.141,0.377,1.000
0.430,0.470,0.202,0.498,1.000
0.384,0.461,0.177,0.667,1.000
0.540,0.467,0.252,0.412,1.000
0.354,0.309,0.109,0.462,1.000
0.438,0.251,0.110,0.688,1.000
0.348,0.340,0.118,0.587,1.000
0.503,0.483,0.242,0.310,1.000
0.582,0.322,0.187,0.714,1.000
0.298,0.473,0.141,0.452,1.000
0.305,0.549,0.167,0.416,1.000
0.460,0.685,0.315,0.518,1.000
0.589,0.428,0.252,0.773,1.000
0.539,0.689,0.371,0.428,1.000
0.576,0.580,0.334,0.236,1.000
0.644,0.684,0.441,0.478,1.000
0.336,0.600,0.202,0.581,1.000
0.690,0.452,0.312,0.142,1.000
0.794,0.599,0.476,0.439,1.000
0.563,0.423,0.238,0.285,1.000
0.477,0.584,0.278,0.141,1.000
0.568,0.581,0.330,0.561,1.000
0.731,0.470,0.343,0.319,1.000
0.482,0.609,0.294,0.443,1.000
0.432,0.696,0.301,0.041,1.000
0.427,0.429,0.183,0.243,1.000
0.716,0.596,0.427,0.479,1.000
0.611,0.486,0.297,0.442,1.000
0.444,0.415,0.184,0.447,1.000
0.385,0.517,0.199,0.572,1.000
0.190,0.428,0.081,0.345,1.000
0.460,0.249,0.115,0.567,1.000
0.538,0.496,0.267,0.390,1.000
0.407,0.423,0.172,0.631,1.000
0.559,0.166,0.093,0.827,1.000
0.675,0.352,0.238,0.657,1.000
0.539,0.455,0.245,0.527,1.000
0.513,0.629,0.322,0.465,1.000
0.559,0.624,0.349,0.678,1.000
0.601,0.620,0.373,0.850,1.000
0.475,0.702,0.334,0.386,1.000
0.595,0.532,0.317,0.474,1.000
0.525,0.434,0.228,0.647,1.000
0.553,0.559,0.309,0.434,1.000
0.396,0.527,0.209,0.548,1.000
0.574,0.643,0.369,0.643,1.000
0.748,0.328,0.246,0.597,1.000
0.255,0.572,0.146,0.407,1.000
0.480,0.723,0.347,0.684,1.000
0.309,0.418,0.129,0.457,1.000
0.572,0.412,0.236,0.885,1.000
0.458,0.334,0.153,0.573,1.000
0.534,0.579,0.309,0.356,1.000
0.455,0.412,0.188,0.445,1.000
0.301,0.475,0.143,0.639,1.000
0.625,0.415,0.259,0.233,1.000
0.406,0.570,0.231,0.329,1.000
0.582,0.751,0.437,0.302,1.000
0.423,0.466,0.197,0.719,1.000
0.377,0.434,0.164,0.667,1.000
0.436,0.699,0.305,0.507,1.000
0.653,0.520,0.339,0.635,1.000
0.536,0.350,0.188,0.727,1.000
0.352,0.508,0.179,0.754,1.000
0.522,0.315,0.165,0.465,1.000
0.431,0.583,0.251,0.556,1.000
0.235,0.613,0.144,0.534,1.000
0.561,0.567,0.319,0.566,1.000
0.640,0.588,0.377,0.297,1.000
0.455,0.561,0.255,0.706,1.000
0.396,0.419,0.166,0.372,1.000
0.379,0.293,0.111,0.657,1.000
0.571,0.566,0.323,0.663,1.000
0.557,0.590,0.329,0.387,1.000
0.532,0.432,0.230,0.598,1.000
0.419,0.441,0.185,0.452,1.000
0.480,0.542,0.260,0.586,1.000
0.414,0.256,0.106,0.586,1.000
0.566,0.530,0.300,0.687,1.000
0.518,0.320,0.166,0.451,1.000
0.552,0.408,0.225,0.582,1.000
0.554,0.383,0.212,0.393,1.000
0.380,0.608,0.231,0.357,1.000
0.491,0.499,0.245,0.371,1.000
0.423,0.323,0.137,0.531,1.000
0.540,0.429,0.232,0.649,1.000
0.306,0.449,0.137,0.372,1.000
0.392,0.536,0.210,0.424,1.000
0.336,0.491,0.165,0.412,1.000
0.460,0.413,0.190,0.280,1.000
0.360,0.633,0.228,0.463,1.000
0.461,0.514,0.237,0.633,1.000
0.534,0.446,0.238,0.541,1.000
0.392,0.328,0.129,0.373,1.000
0.704,0.487,0.343,0.517,1.000
0.707,0.341,0.241,0.647,1.000
0.649,0.680,0.441,0.262,1.000
0.501,0.494,0.248,0.225,1.000
0.698,0.403,0.281,0.357,1.000
0.669,0.602,0.403,0.247,1.000
0.698,0.253,0.176,0.340,1.000
0.226,0.439,0.099,0.612,1.000
0.540,0.541,0.293,0.356,1.000
0.601,0.576,0.346,0.211,1.000
0.642,0.648,0.416,0.484,1.000
0.418,0.603,0.252,0.374,1.000
0.415,0.526,0.218,0.482,1.000
0.659,0.534,0.351,0.567,1.000
0.598,0.333,0.199,0.711,1.000
0.550,0.455,0.250,0.578,1.000
0.365,0.531,0.194,0.401,1.000
0.385,0.650,0.250,0.666,1.000
0.605,0.617,0.373,0.319,1.000
0.426,0.652,0.278,0.415,1.000
0.470,0.542,0.255,0.273,1.000
0.604,0.325,0.196,0.628,1.000
0.647,0.464,0.300,0.584,1.000
0.695,0.348,0.242,0.462,1.000
0.433,0.693,0.300,0.522,1.000
0.594,0.627,0.372,0.171,1.000
0.468,0.501,0.235,0.693,1.000
0.632,0.628,0.397,0.297,1.000
0.611,0.520,0.318,0.607,1.000
0.643,0.373,0.240,0.730,1.000
0.327,0.653,0.214,0.862,1.000
0.617,0.304,0.188,0.607,1.000
0.280,0.368,0.103,0.154,1.000
0.571,0.468,0.267,0.288,1.000
0.364,0.637,0.232,0.679,1.000
0.151,0.417,0.063,0.505,1.000
0.490,0.367,0.179,0.338,1.000
0.614,0.510,0.313,0.786,1.000
0.488,0.370,0.180,0.239,1.000
0.268,0.559,0.150,0.650,1.000
0.525,0.482,0.253,0.437,1.000
0.495,0.739,0.366,0.608,1.000
0.240,0.676,0.162,0.411,1.000
0.611,0.469,0.287,0.666,1.000
0.599,0.609,0.365,0.395,1.000
0.547,0.640,0.350,0.356,1.000
0.404,0.224,0.091,0.455,1.000
0.653,0.392,0.256,0.115,1.000
0.650,0.595,0.387,0.634,1.000
0.629,0.664,0.418,0.532,1.000
0.413,0.514,0.212,0.831,1.000
0.622,0.447,0.278,0.188,1.000
0.432,0.587,0.254,0.762,1.000
0.637,0.558,0.355,0.625,1.000
0.500,0.559,0.280,0.266,1.000
0.688,0.611,0.421,0.733,1.000
0.533,0.449,0.239,0.412,1.000
0.494,0.508,0.251,0.625,1.000
0.418,0.405,0.169,0.425,1.000
0.109,0.450,0.049,0.578,1.000
0.349,0.555,0.193,0.644,1.000
0.709,0.329,0.233,0.607,1.000
0.388,0.713,0.276,0.546,1.000
0.459,0.044,0.020,0.097,1.000
0.675,0.657,0.443,0.693,1.000
0.426,0.603,0.257,0.328,1.000
0.685,0.465,0.319,0.342,1.000
0.469,0.445,0.208,0.491,1.000
0.509,0.677,0.345,0.315,1.000
0.189,0.608,0.115,0.207,1.000
0.548,0.497,0.273,0.416,1.000
0.608,0.587,0.357,0.878,1.000
0.331,0.479,0.159,0.710,1.000
0.463,0.702,0.325,0.814,1.000
0.385,0.420,0.162,0.276,1.000
0.530,0.559,0.296,0.247,1.000
0.636,0.541,0.344,0.376,1.000
0.348,0.496,0.173,0.367,1.000
0.644,0.425,0.274,0.351,1.000
0.508,0.678,0.344,0.810,1.000
0.573,0.406,0.232,0.796,1.000
0.402,0.217,0.087,0.254,1.000
0.512,0.524,0.268,0.595,1.000
0.649,0.466,0.303,0.350,1.000
0.417,0.227,0.095,0.565,1.000
0.634,0.531,0.337,0.599,1.000
0.371,0.631,0.234,0.422,1.000
0.530,0.357,0.189,0.502,1.000
0.750,0.494,0.370,0.692,1.000
0.462,0.403,0.186,0.578,1.000
0.710,0.289,0.205,0.402,1.000
0.289,0.617,0.178,0.483,1.000
0.509,0.314,0.160,0.689,1.000
0.359,0.298,0.107,0.474,1.000
0.510,0.479,0.244,0.381,1.000
0.360,0.368,0.133,0.629,1.000
0.533,0.338,0.180,0.569,1.000
0.266,0.488,0.130,0.595,1.000
0.401,0.432,0.173,0.504,1.000
0.579,0.528,0.306,0.682,1.000
0.568,0.514,0.292,0.842,1.000
0.532,0.483,0.257,0.242,1.000
0.473,0.510,0.241,0.469,1.000
0.432,0.314,0.136,0.454,1.000
0.490,0.679,0.333,0.457,1.000
0.430,0.460,0.198,0.742,1.000
0.386,0.371,0.143,0.359,1.000
0.557,0.445,0.248,0.393,1.000
0.371,0.912,0.339,0.353,1.000
0.334,0.405,0.135,0.357,1.000
0.364,0.595,0.217,0.182,1.000
0.332,0.651,0.216,0.524,1.000
0.239,0.493,0.118,0.589,1.000
0.533,0.463,0.247,0.550,1.000
0.576,0.415,0.239,0.696,1.000
0.337,0.463,0.156,0.258,1.000
0.358,0.717,0.257,0.733,1.000
0.606,0.562,0.340,0.352,1.000
0.325,0.506,0.164,0.501,1.000
0.512,0.536,0.274,0.543,1.000
0.667,0.543,0.362,0.146,1.000
0.672,0.470,0.316,0.304,1.000
0.496,0.468,0.232,0.451,1.000
0.328,0.461,0.151,0.700,1.000
0.617,0.384,0.237,0.276,1.000
0.403,0.621,0.250,0.320,1.000
0.373,0.438,0.163,0.306,1.000
0.680,0.672,0.457,0.530,1.000
0.748,0.726,0.543,0.648,1.000
0.484,0.531,0.257,0.519,1.000
0.579,0.513,0.297,0.474,1.000
0.576,0.591,0.340,0.437,1.000
0.496,0.343,0.170,0.451,1.000
0.456,0.592,0.270,0.296,1.000
0.585,0.508,0.297,0.501,1.000
0.669,0.595,0.398,0.633,1.000
0.602,0.480,0.289,0.242,1.000
0.700,0.575,0.403,0.515,1.000
0.266,0.614,0.163,0.592,1.000
0.438,0.470,0.206,0.434,1.000
0.474,0.456,0.216,0.401,1.000
0.420,0.491,0.206,0.384,1.000
0.703,0.351,0.247,0.512,1.000
0.401,0.474,0.190,0.314,1.000
0.525,0.692,0.363,0.282,1.000
0.600,0.556,0.333,0.335,1.000
0.352,0.188,0.066,0.376,1.000
0.538,0.685,0.368,0.546,1.000
0.369,0.483,0.178,0.461,1.000
0.724,0.475,0.344,0.605,1.000
0.463,0.497,0.230,0.671,1.000
0.490,0.552,0.271,0.506,1.000
0.343,0.609,0.209,0.264,1.000
0.526,0.636,0.335,0.493,1.000
0.441,0.403,0.178,0.377,1.000
0.379,0.531,0.201,0.502,1.000
0.651,0.385,0.251,0.033,1.000
0.529,0.777,0.411,0.505,1.000
0.541,0.592,0.320,0.537,1.000
0.379,0.354,0.134,0.169,1.000
0.558,0.682,0.381,0.620,1.000
0.618,0.436,0.269,0.527,1.000
0.629,0.604,0.380,0.461,1.000
0.635,0.481,0.306,0.404,1.000
0.430,0.632,0.272,0.778,1.000
0.427,0.374,0.160,0.340,1.000
0.536,0.626,0.336,0.467,1.000
0.365,0.583,0.213,0.300,1.000
0.716,0.631,0.452,0.724,1.000
0.794,0.401,0.318,0.309,1.000
0.748,0.568,0.425,0.437,1.000
0.605,0.388,0.235,0.526,1.000
0.488,0.600,0.293,0.425,1.000
0.416,0.580,0.241,0.164,1.000
0.610,0.541,0.330,0.553,1.000
0.574,0.584,0.336,0.487,1.000
0.358,0.458,0.164,0.481,1.000
0.505,0.561,0.283,0.535,1.000
0.787,0.759,0.598,0.615,1.000
0.450,0.659,0.297,0.592,1.000
0.625,0.548,0.343,0.318,1.000
0.463,0.594,0.275,0.414,1.000
0.434,0.348,0.151,0.438,1.000
0.502,0.424,0.213,0.489,1.000
0.493,0.507,0.250,0.486,1.000
0.478,0.660,0.316,0.672,1.000
0.451,0.539,0.243,0.707,1.000
0.552,0.319,0.176,0.374,1.000
0.667,0.308,0.206,0.447,1.000
0.354,0.460,0.163,0.674,1.000
0.324,0.646,0.210,0.292,1.000
0.552,0.481,0.265,0.496,1.000
0.638,0.362,0.231,0.626,1.000
0.641,0.527,0.338,0.366,1.000
0.519,0.543,0.282,0.673,1.000
0.332,0.446,0.148,0.283,1.000
0.380,0.578,0.219,0.574,1.000
0.487,0.543,0.265,0.285,1.000
0.531,0.441,0.234,0.490,1.000
0.830,0.615,0.510,0.524,1.000
0.554,0.518,0.287,0.631,1.000
0.667,0.458,0.306,0.493,1.000
0.604,0.436,0.263,0.414,1.000
0.593,0.558,0.331,0.713,1.000
0.273,0.637,0.174,0.653,1.000
0.491,0.664,0.326,0.438,1.000
0.503,0.765,0.385,0.488,1.000
0.614,0.666,0.409,0.460,1.000
0.219,0.351,0.077,0.634,1.000
0.564,0.496,0.280,0.150,1.000
0.549,0.468,0.257,0.452,1.000
0.574,0.532,0.305,0.163,1.000
0.279,0.458,0.128,0.635,1.000
0.610,0.394,0.241,0.315,1.000
0.528,0.563,0.297,0.748,1.000
0.449,0.494,0.222,0.517,1.000
0.512,0.361,0.185,0.641,1.000
0.464,0.179,0.083,0.472,1.000
0.325,0.475,0.154,0.602,1.000
0.390,0.542,0.212,0.610,1.000
0.463,0.376,0.174,0.268,1.000
0.399,0.244,0.097,0.537,1.000
0.379,0.503,0.190,0.469,1.000
0.584,0.659,0.385,0.560,1.000
0.617,0.586,0.362,0.408,1.000
0.210,0.638,0.134,0.509,1.000
0.648,0.606,0.393,0.446,1.000
0.673,0.467,0.314,0.865,1.000
0.487,0.602,0.293,0.330,1.000
0.437,0.409,0.179,0.336,1.000
0.453,0.737,0.334,0.560,1.000
0.510,0.559,0.285,0.632,1.000
0.376,0.503,0.189,0.815,1.000
0.617,0.526,0.324,0.556,1.000
0.473,0.270,0.128,0.483,1.000
0.649,0.627,0.407,0.599,1.000
0.419,0.597,0.250,0.345,1.000
0.596,0.494,0.294,0.464,1.000
0.703,0.558,0.392,0.763,1.000
0.136,0.288,0.039,0.623,1.000
0.614,0.413,0.254,0.716,1.000
0.458,0.520,0.238,0.580,1.000
0.484,0.535,0.259,0.382,1.000
0.432,0.590,0.255,0.356,1.000
0.507,0.543,0.275,0.434,1.000
0.481,0.424,0.204,0.602,1.000
0.506,0.536,0.271,0.598,1.000
0.496,0.523,0.259,0.202,1.000
0.387,0.411,0.159,0.618,1.000
0.639,0.474,0.303,0.425,1.000
0.538,0.465,0.250,0.625,1.000
0.418,0.496,0.208,0.720,1.000
0.635,0.596,0.379,0.462,1.000
0.348,0.444,0.154,0.665,1.000
0.287,0.725,0.208,0.471,1.000
0.588,0.599,0.352,0.496,1.000
0.637,0.513,0.327,0.619,1.000
0.562,0.439,0.247,0.424,1.000
0.480,0.361,0.173,0.487,1.000
0.669,0.575,0.385,0.488,1.000
0.449,0.270,0.121,0.592,1.000
0.381,0.612,0.233,0.390,1.000
0.384,0.357,0.137,0.474,1.000
0.387,0.685,0.266,0.408,1.000
0.451,0.580,0.261,0.353,1.000
0.384,0.256,0.098,0.780,1.000
0.746,0.637,0.475,0.360,1.000
0.601,0.751,0.451,0.350,1.000
0.450,0.341,0.153,0.329,1.000
0.624,0.620,0.387,0.498,1.000
0.562,0.311,0.175,0.256,1.000
0.600,0.607,0.364,0.845,1.000
0.599,0.490,0.294,0.206,1.000
0.268,0.392,0.105,0.371,1.000
0.354,0.564,0.200,0.332,1.000
0.313,0.720,0.225,0.525,1.000
0.635,0.600,0.381,0.211,1.000
0.313,0.530,0.166,0.534,1.000
0.363,0.451,0.164,0.480,1.000
0.720,0.542,0.391,0.414,1.000
0.599,0.470,0.281,0.646,1.000
0.558,0.483,0.269,0.729,1.000
0.277,0.589,0.163,0.592,1.000
0.472,0.335,0.158,0.533,1.000
0.595,0.600,0.357,0.590,1.000
0.526,0.571,0.300,0.647,1.000
0.580,0.503,0.292,0.596,1.000
0.724,0.702,0.508,0.511,1.000
0.544,0.523,0.285,0.413,1.000
0.406,0.643,0.261,0.357,1.000
0.647,0.521,0.337,0.536,1.000
0.443,0.512,0.227,0.273,1.000
0.409,0.279,0.114,0.779,1.000
0.426,0.628,0.268,0.451,1.000
0.331,0.471,0.156,0.391,1.000
0.643,0.351,0.226,0.506,1.000
0.497,0.518,0.257,0.717,1.000
0.585,0.545,0.319,0.567,1.000
0.563,0.503,0.283,0.645,1.000
0.444,0.392,0.174,0.406,1.000
0.461,0.608,0.280,0.413,1.000
0.582,0.554,0.322,0.703,1.000
0.887,0.610,0.541,0.630,1.000
0.490,0.817,0.401,0.439,1.000
0.517,0.415,0.215,0.236,1.000
0.271,0.461,0.125,0.391,1.000
0.543,0.219,0.119,0.641,1.000
0.526,0.445,0.234,0.826,1.000
0.267,0.454,0.121,0.467,1.000
0.656,0.653,0.428,0.296,1.000
0.731,0.312,0.228,0.773,1.000
0.497,0.466,0.231,0.567,1.000
0.499,0.616,0.307,0.572,1.000
0.545,0.512,0.279,0.181,1.000
0.682,0.621,0.424,0.274,1.000
0.292,0.505,0.147,0.604,1.000
0.288,0.548,0.158,0.654,1.000
0.561,0.553,0.310,0.630,1.000
0.553,0.645,0.357,0.691,1.000
0.592,0.678,0.401,0.696,1.000
0.520,0.647,0.336,0.091,1.000
0.275,0.632,0.174,0.426,1.000
0.588,0.420,0.247,0.358,1.000
0.557,0.641,0.357,0.571,1.000
0.473,0.449,0.212,0.481,1.000
0.655,0.487,0.319,0.263,1.000
0.617,0.409,0.253,0.379,1.000
0.480,0.599,0.288,0.308,1.000
0.408,0.277,0.113,0.603,1.000
0.427,0.427,0.182,0.438,1.000
0.612,0.538,0.329,0.787,1.000
0.538,0.534,0.287,0.750,1.000
0.482,0.504,0.243,0.637,1.000
0.285,0.610,0.174,0.494,1.000
0.483,0.537,0.260,0.632,1.000
0.531,0.421,0.224,0.238,1.000
0.488,0.605,0.295,0.670,1.000
0.694,0.763,0.529,0.393,1.000
0.651,0.439,0.286,0.529,1.000
0.375,0.588,0.221,0.637,1.000
0.448,0.495,0.222,0.339,1.000
0.280,0.342,0.096,0.476,1.000
0.525,0.538,0.282,0.559,1.000
0.560,0.632,0.354,0.708,1.000
0.597,0.526,0.314,0.519,1.000
0.607,0.389,0.236,0.787,1.000
0.474,0.544,0.257,0.545,1.000
0.616,0.518,0.319,0.308,1.000
0.547,0.611,0.334,0.204,1.000
0.609,0.628,0.382,0.208,1.000
0.582,0.521,0.303,0.437,1.000
0.498,0.258,0.129,0.500,1.000
0.481,0.602,0.290,0.402,1.000
0.413,0.490,0.202,0.397,1.000
0.540,0.587,0.317,0.499,1.000
0.445,0.613,0.273,0.504,1.000
0.604,0.605,0.366,0.796,1.000
0.406,0.592,0.240,0.798,1.000
0.469,0.466,0.218,0.432,1.000
0.651,0.501,0.326,0.526,1.000
0.520,0.284,0.148,0.229,1.000
0.501,0.538,0.270,0.594,1.000
0.147,0.376,0.055,0.559,1.000
0.379,0.365,0.138,0.406,1.000
0.249,0.506,0.126,0.712,1.000
0.797,0.467,0.373,0.527,1.000
0.406,0.508,0.206,0.318,1.000
0.344,0.389,0.134,0.405,1.000
0.549,0.608,0.334,0.341,1.000
0.439,0.528,0.232,0.472,1.000
0.340,0.552,0.188,0.533,1.000
0.316,0.496,0.157,0.562,1.000
0.388,0.577,0.224,0.619,1.000
0.341,0.533,0.182,0.526,1.000
0.366,0.510,0.187,0.556,1.000
0.607,0.547,0.332,0.418,1.000
0.354,0.436,0.154,0.343,1.000
0.643,0.480,0.309,0.590,1.000
0.376,0.480,0.181,0.644,1.000
0.579,0.656,0.379,0.493,1.000
0.860,0.340,0.293,0.504,1.000
0.378,0.469,0.177,0.561,1.000
0.550,0.355,0.196,0.665,1.000
0.516,0.635,0.328,0.500,1.000
0.612,0.625,0.382,0.438,1.000
0.238,0.601,0.143,0.443,1.000
0.708,0.469,0.332,0.491,1.000
0.513,0.552,0.283,0.764,1.000
0.319,0.341,0.109,0.301,1.000
0.577,0.298,0.172,0.470,1.000
0.533,0.393,0.209,0.414,1.000
0.444,0.627,0.278,0.922,1.000
0.254,0.378,0.096,0.357,1.000
0.418,0.856,0.358,0.327,1.000
0.642,0.544,0.349,0.446,1.000
0.402,0.381,0.153,0.628,1.000
0.327,0.501,0.164,0.533,1.000
0.682,0.589,0.402,0.458,1.000
0.485,0.586,0.284,0.519,1.000
0.504,0.548,0.276,0.179,1.000
0.363,0.598,0.217,0.783,1.000
0.545,0.537,0.293,0.625,1.000
0.605,0.633,0.383,0.365,1.000
0.740,0.500,0.370,0.632,1.000
0.446,0.374,0.167,0.539,1.000
0.345,0.660,0.228,0.655,1.000
0.377,0.506,0.191,0.739,1.000
0.732,0.447,0.327,0.499,1.000
0.393,0.554,0.218,0.609,1.000
0.518,0.476,0.246,0.465,1.000
0.521,0.512,0.267,0.392,1.000
0.472,0.775,0.366,0.788,1.000
0.475,0.243,0.116,0.205,1.000
0.427,0.398,0.170,0.245,1.000
0.471,0.422,0.198,0.278,1.000
0.583,0.448,0.262,0.369,1.000
0.423,0.673,0.285,0.495,1.000
0.392,0.445,0.174,0.589,1.000
0.726,0.612,0.444,0.445,1.000
0.476,0.153,0.073,0.741,1.000
0.762,0.621,0.474,0.329,1.000
0.477,0.450,0.214,0.453,1.000
0.405,0.521,0.211,0.558,1.000
0.115,0.532,0.061,0.649,1.000
0.632,0.444,0.280,0.406,1.000
0.518,0.669,0.347,0.355,1.000
0.402,0.721,0.290,0.295,1.000
0.356,0.500,0.178,0.313,1.000
0.697,0.709,0.494,0.443,1.000
0.391,0.516,0.201,0.547,1.000
0.485,0.264,0.128,0.499,1.000
0.372,0.459,0.171,0.580,1.000
0.328,0.199,0.065,0.573,1.000
0.327,0.381,0.125,0.615,1.000
0.603,0.644,0.388,0.343,1.000
0.644,0.615,0.396,0.531,1.000
0.586,0.447,0.262,0.164,1.000
0.479,0.628,0.301,0.500,1.000
0.517,0.511,0.264,0.272,1.000
0.271,0.599,0.162,0.506,1.000
0.431,0.347,0.150,0.263,1.000
0.549,0.265,0.146,0.793,1.000
0.465,0.667,0.310,0.376,1.000
0.603,0.633,0.381,0.764,1.000
0.437,0.473,0.207,0.646,1.000
0.573,0.591,0.339,0.625,1.000
0.346,0.612,0.212,0.456,1.000
0.426,0.571,0.243,0.502,1.000
0.453,0.371,0.168,0.705,1.000
0.401,0.532,0.213,0.501,1.000
0.425,0.414,0.176,0.693,1.000
0.338,0.493,0.167,0.652,1.000
0.506,0.392,0.199,0.368,1.000
0.694,0.570,0.396,0.286,1.000
0.534,0.344,0.184,0.497,1.000
0.395,0.659,0.260,0.734,1.000
0.360,0.463,0.167,0.673,1.000
0.590,0.343,0.202,0.311,1.000
0.629,0.562,0.353,0.680,1.000
0.336,0.601,0.202,0.376,1.000
0.360,0.404,0.145,0.425,1.000
0.743,0.611,0.454,0.785,1.000
0.309,0.450,0.139,0.432,1.000
0.475,0.297,0.141,0.586,1.000
0.398,0.580,0.231,0.663,1.000
0.396,0.590,0.233,0.838,1.000
0.521,0.761,0.396,0.300,1.000
0.627,0.330,0.207,0.580,1.000
0.484,0.620,0.300,0.433,1.000
0.441,0.590,0.260,0.478,1.000
0.518,0.389,0.202,0.623,1.000
0.383,0.352,0.135,0.233,1.000
0.566,0.368,0.208,0.416,1.000
0.524,0.471,0.247,0.416,1.000
0.340,0.478,0.163,0.463,1.000
0.682,0.263,0.179,0.474,1.000
0.586,0.595,0.349,0.527,1.000
0.705,0.521,0.367,0.536,1.000
0.578,0.512,0.296,0.596,1.000
0.256,0.492,0.126,0.814,1.000
0.592,0.796,0.471,0.518,1.000
0.521,0.557,0.290,0.333,1.000
0.478,0.494,0.236,0.318,1.000
0.702,0.434,0.304,0.631,1.000
0.394,0.475,0.187,0.303,1.000
0.301,0.424,0.128,0.438,1.000
0.526,0.378,0.199,0.617,1.000
0.549,0.446,0.245,0.094,1.000
0.402,0.523,0.211,0.289,1.000
0.367,0.425,0.156,0.346,1.000
0.460,0.430,0.198,0.633,1.000
0.450,0.354,0.160,0.426,1.000
0.450,0.589,0.265,0.731,1.000
0.571,0.322,0.183,0.700,1.000
0.397,0.392,0.156,0.507,1.000
0.523,0.410,0.214,0.542,1.000
0.512,0.362,0.185,0.498,1.000
0.522,0.471,0.246,0.466,1.000
0.543,0.928,0.504,0.541,1.000
0.683,0.438,0.299,0.489,1.000
0.473,0.532,0.252,0.653,1.000
0.506,0.582,0.295,0.430,1.000
0.676,0.590,0.399,0.602,1.000
0.598,0.457,0.273,0.443,1.000
0.440,0.313,0.138,0.569,1.000
0.430,0.519,0.223,0.601,1.000
0.425,0.487,0.207,0.285,1.000
0.520,0.513,0.267,0.537,1.000
0.626,0.375,0.234,0.447,1.000
0.458,0.450,0.206,0.548,1.000
0.540,0.628,0.339,0.521,1.000
0.354,0.640,0.226,0.337,1.000
0.624,0.235,0.147,0.852,1.000
0.492,0.408,0.201,0.385,1.000
0.603,0.488,0.294,0.483,1.000
0.483,0.319,0.154,0.542,1.000
0.389,0.362,0.141,0.772,1.000
0.322,0.553,0.178,0.509,1.000
0.460,0.297,0.137,0.393,1.000
0.689,0.650,0.447,0.678,1.000
0.494,0.376,0.186,0.310,1.000
0.297,0.453,0.135,0.304,1.000
0.228,0.541,0.123,0.676,1.000
0.592,0.654,0.388,0.364,1.000
0.579,0.630,0.365,0.578,1.000
0.726,0.551,0.400,0.815,1.000
0.429,0.505,0.217,0.244,1.000
0.516,0.428,0.221,0.528,1.000
0.368,0.640,0.235,0.340,1.000
0.401,0.455,0.182,0.572,1.000
0.731,0.633,0.463,0.439,1.000
0.497,0.380,0.189,0.471,1.000
0.568,0.454,0.258,0.405,1.000
0.656,0.542,0.355,0.327,1.000
0.660,0.636,0.420,0.386,1.000
0.473,0.320,0.151,0.461,1.000
0.354,0.546,0.193,0.377,1.000
0.572,0.462,0.264,0.455,1.000
0.659,0.427,0.282,0.592,1.000
0.430,0.554,0.238,0.661,1.000
0.679,0.500,0.339,0.451,1.000
0.377,0.511,0.193,0.632,1.000
0.487,0.407,0.198,0.796,1.000
0.548,0.586,0.321,0.740,1.000
0.359,0.494,0.177,0.496,1.000
0.670,0.415,0.278,0.605,1.000
0.746,0.679,0.507,0.769,1.000
0.509,0.484,0.246,0.441,1.000
0.354,0.485,0.172,0.509,1.000
0.651,0.416,0.271,0.694,1.000
0.396,0.392,0.155,0.238,1.000
0.384,0.525,0.202,0.440,1.000
0.367,0.793,0.291,0.534,1.000
0.413,0.538,0.222,0.741,1.000
0.426,0.674,0.287,0.528,1.000
0.302,0.491,0.148,0.379,1.000
0.540,0.488,0.264,0.713,1.000
0.560,0.457,0.256,0.402,1.000
0.561,0.552,0.310,0.447,1.000
0.441,0.455,0.201,0.558,1.000
0.352,0.849,0.298,0.622,1.000
0.607,0.504,0.306,0.468,1.000
0.599,0.344,0.206,0.422,1.000
0.437,0.472,0.206,0.453,1.000
0.593,0.594,0.353,0.454,1.000
0.671,0.628,0.421,0.250,1.000
0.375,0.656,0.246,0.488,1.000
0.464,0.605,0.281,0.420,1.000
0.747,0.460,0.343,0.484,1.000
0.439,0.500,0.219,0.476,1.000
0.494,0.519,0.256,0.362,1.000
0.495,0.585,0.289,0.374,1.000
0.654,0.506,0.331,0.597,1.000
0.558,0.258,0.144,0.325,1.000
0.267,0.443,0.118,0.704,1.000
0.476,0.532,0.253,0.317,1.000
0.588,0.230,0.135,0.446,1.000
0.577,0.763,0.440,0.764,1.000
0.549,0.521,0.286,0.467,1.000
0.257,0.628,0.161,0.985,1.000
0.556,0.809,0.450,0.597,1.000
0.376,0.519,0.195,0.409,1.000
0.445,0.598,0.266,0.264,1.000
0.390,0.410,0.160,0.343,1.000
0.382,0.398,0.152,0.618,1.000
0.577,0.449,0.259,0.339,1.000
0.665,0.681,0.453,0.445,1.000
0.485,0.588,0.285,0.551,1.000
0.527,0.307,0.162,0.732,1.000
0.685,0.498,0.341,0.670,1.000
0.481,0.447,0.215,0.457,1.000
0.553,0.513,0.284,0.460,1.000
0.264,0.377,0.100,0.388,1.000
0.583,0.294,0.172,0.555,1.000
0.621,0.624,0.388,0.352,1.000
0.293,0.655,0.192,0.613,1.000
0.325,0.739,0.240,0.645,1.000
0.468,0.443,0.207,0.474,1.000
0.443,0.582,0.258,0.559,1.000
0.852,0.421,0.358,0.698,1.000
0.628,0.462,0.290,0.400,1.000
0.487,0.316,0.154,0.550,1.000
0.535,0.425,0.227,0.425,1.000
0.569,0.657,0.374,0.301,1.000
0.481,0.425,0.204,0.166,1.000
0.410,0.462,0.189,0.496,1.000
0.520,0.624,0.325,0.463,1.000
0.646,0.529,0.341,0.096,1.000
0.324,0.505,0.164,0.651,1.000
0.464,0.467,0.217,0.769,1.000
0.735,0.409,0.301,0.524,1.000
0.453,0.373,0.169,0.558,1.000
0.393,0.390,0.153,0.640,1.000
0.899,0.443,0.398,0.226,1.000
0.317,0.663,0.210,0.324,1.000
0.448,0.795,0.356,0.168,1.000
0.658,0.522,0.344,0.369,1.000
0.416,0.692,0.288,0.616,1.000
0.485,0.413,0.200,0.920,1.000
0.591,0.611,0.361,0.322,1.000
0.334,0.411,0.137,0.403,1.000
0.455,0.476,0.217,0.304,1.000
0.642,0.290,0.186,0.775,1.000
0.639,0.228,0.146,0.338,1.000
0.485,0.420,0.204,0.651,1.000
0.534,0.404,0.216,0.445,1.000
0.348,0.522,0.182,0.176,1.000
0.619,0.512,0.317,0.417,1.000
0.483,0.471,0.227,0.429,1.000
0.614,0.523,0.321,0.334,1.000
0.590,0.634,0.374,0.307,1.000
0.651,0.267,0.174,0.209,1.000
0.421,0.647,0.272,0.602,1.000
0.378,0.296,0.112,0.389,1.000
0.299,0.532,0.159,0.417,1.000
0.583,0.447,0.261,0.652,1.000
0.397,0.529,0.210,0.685,1.000
0.498,0.602,0.299,0.413,1.000
0.250,0.445,0.111,0.153,1.000
0.396,0.561,0.222,0.459,1.000
0.671,0.333,0.224,0.289,1.000
0.454,0.450,0.204,0.593,1.000
0.217,0.671,0.146,0.528,1.000
0.447,0.530,0.237,0.745,1.000
0.337,0.484,0.163,0.425,1.000
0.399,0.483,0.193,0.841,1.000
0.627,0.550,0.344,0.421,1.000
0.629,0.594,0.374,0.352,1.000
0.323,0.606,0.196,0.298,1.000
0.528,0.490,0.258,0.142,1.000
0.406,0.514,0.209,0.761,1.000
0.638,0.366,0.234,0.555,1.000
0.548,0.786,0.430,0.668,1.000
0.617,0.628,0.388,0.606,1.000
0.484,0.441,0.213,0.422,1.000
0.363,0.488,0.177,0.560,1.000
0.421,0.411,0.173,0.566,1.000
0.431,0.643,0.278,0.648,1.000
0.483,0.572,0.276,0.501,1.000
0.209,0.545,0.114,0.535,1.000
0.436,0.522,0.228,0.543,1.000
0.460,0.466,0.215,0.464,1.000
0.524,0.428,0.224,0.797,1.000
0.680,0.662,0.450,0.305,1.000
0.550,0.445,0.245,0.110,1.000
0.438,0.570,0.249,0.508,1.000
0.559,0.556,0.311,0.349,1.000
0.382,0.757,0.289,0.390,1.000
0.424,0.429,0.182,0.522,1.000
0.464,0.654,0.303,0.445,1.000
0.335,0.493,0.165,0.449,1.000
0.485,0.348,0.169,0.407,1.000
0.548,0.536,0.293,0.324,1.000
0.614,0.480,0.295,0.384,1.000
0.521,0.625,0.326,0.251,1.000
0.611,0.636,0.389,0.211,1.000
0.258,0.343,0.089,0.604,1.000
0.631,0.339,0.214,0.629,1.000
0.425,0.620,0.263,0.678,1.000
0.554,0.466,0.258,0.518,1.000
0.812,0.376,0.305,0.502,1.000
0.439,0.560,0.246,0.507,1.000
0.498,0.497,0.247,0.497,1.000
0.532,0.389,0.207,0.672,1.000
0.544,0.633,0.344,0.766,1.000
0.528,0.455,0.240,0.661,1.000
0.131,0.501,0.066,0.362,1.000
0.595,0.399,0.237,0.194,1.000
0.668,0.535,0.358,0.807,1.000
0.291,0.489,0.142,0.702,1.000
0.501,0.386,0.194,0.519,1.000
0.281,0.580,0.163,0.446,1.000
0.596,0.561,0.335,-0.050,1.000
0.437,0.620,0.271,0.470,1.000
0.433,0.450,0.195,0.429,1.000
0.545,0.506,0.276,0.591,1.000
0.482,0.465,0.224,0.659,1.000
0.471,0.551,0.260,0.523,1.000
0.503,0.381,0.192,0.352,1.000
0.509,0.488,0.249,0.597,1.000
0.518,0.349,0.181,0.510,1.000
0.552,0.554,0.306,0.661,1.000
0.496,0.570,0.283,0.595,1.000
0.486,0.720,0.350,0.399,1.000
0.406,0.509,0.207,0.216,1.000
0.471,0.656,0.309,0.837,1.000
0.458,0.269,0.123,0.556,1.000
0.304,0.496,0.151,0.438,1.000
0.540,0.367,0.198,0.675,1.000
0.420,0.628,0.264,0.143,1.000
0.647,0.225,0.145,0.405,1.000
0.405,0.447,0.181,0.591,1.000
0.564,0.757,0.427,0.486,1.000
0.531,0.686,0.364,0.580,1.000
0.634,0.441,0.279,0.534,1.000
0.700,0.646,0.452,0.272,1.000
0.554,0.654,0.362,0.518,1.000
0.593,0.368,0.218,0.789,1.000
0.441,0.515,0.227,0.675,1.000
0.393,0.543,0.213,0.254,1.000
0.371,0.484,0.179,0.096,1.000
0.427,0.337,0.144,0.410,1.000
0.432,0.626,0.271,0.588,1.000
0.318,0.556,0.177,0.306,1.000
0.705,0.434,0.306,0.627,1.000
0.435,0.378,0.164,0.273,1.000
0.624,0.456,0.285,0.555,1.000
0.553,0.421,0.233,0.755,1.000
0.539,0.532,0.287,0.404,1.000
0.141,0.507,0.072,0.456,1.000
0.552,0.450,0.248,0.595,1.000
0.480,0.455,0.219,0.565,1.000
0.599,0.373,0.223,0.568,1.000
0.576,0.599,0.345,0.710,1.000
0.292,0.278,0.081,0.645,1.000
0.687,0.443,0.305,0.506,1.000
0.466,0.529,0.247,0.293,1.000
0.822,0.609,0.501,0.358,1.000
0.503,0.536,0.270,0.682,1.000
0.550,0.530,0.292,0.108,1.000
0.462,0.646,0.299,0.774,1.000
0.402,0.492,0.198,0.394,1.000
0.450,0.473,0.213,0.509,1.000
0.474,0.794,0.376,0.561,1.000
0.322,0.726,0.233,0.639,1.000
0.522,0.615,0.321,0.171,1.000
0.380,0.489,0.186,0.574,1.000
0.737,0.323,0.238,0.272,1.000
0.400,0.592,0.237,0.348,1.000
0.635,0.579,0.368,0.504,1.000
0.560,0.676,0.379,0.429,1.000
0.639,0.579,0.369,0.384,1.000
0.421,0.409,0.172,0.489,1.000
0.598,0.555,0.332,0.464,1.000
0.489,0.559,0.274,0.629,1.000
0.615,0.541,0.332,0.685,1.000
0.473,0.545,0.258,0.527,1.000
0.560,0.349,0.195,0.464,1.000
0.472,0.516,0.243,0.253,1.000
0.453,0.608,0.275,0.250,1.000
0.577,0.261,0.151,0.605,1.000
0.495,0.337,0.167,0.487,1.000
0.706,0.648,0.458,0.758,1.000
0.336,0.599,0.201,0.281,1.000
0.334,0.659,0.220,0.740,1.000
0.556,0.570,0.317,0.590,1.000
0.380,0.322,0.122,0.299,1.000
0.488,0.471,0.230,0.510,1.000
0.597,0.474,0.283,0.399,1.000
0.454,0.792,0.360,0.622,1.000
0.544,0.704,0.383,0.565,1.000
0.526,0.554,0.291,0.700,1.000
0.583,0.666,0.388,0.916,1.000
0.601,0.607,0.365,0.484,1.000
0.509,0.359,0.183,0.284,1.000
0.624,0.512,0.320,0.513,1.000
0.555,0.366,0.203,0.588,1.000
0.528,0.547,0.289,0.664,1.000
0.254,0.557,0.141,0.533,1.000
0.312,0.357,0.111,0.781,1.000
0.640,0.675,0.432,0.523,1.000
0.399,0.595,0.238,0.627,1.000
0.491,0.386,0.190,0.670,1.000
0.730,0.546,0.398,0.576,1.000
0.511,0.640,0.327,0.652,1.000
0.447,0.545,0.244,0.465,1.000
0.561,0.332,0.186,0.531,1.000
0.373,0.465,0.173,0.619,1.000
0.566,0.679,0.384,0.432,1.000
0.518,0.498,0.258,0.432,1.000
0.570,0.182,0.103,0.459,1.000
0.660,0.607,0.400,0.797,1.000
0.351,0.625,0.219,0.427,1.000
0.290,0.538,0.156,0.425,1.000
0.478,0.588,0.281,0.554,1.000
0.517,0.496,0.257,0.293,1.000
0.255,0.704,0.180,0.622,1.000
0.288,0.805,0.232,0.648,1.000
0.463,0.416,0.193,0.590,1.000
0.282,0.598,0.169,0.392,1.000
0.272,0.813,0.221,0.839,1.000
0.600,0.664,0.399,0.767,1.000
0.319,0.442,0.141,0.327,1.000
0.382,0.458,0.175,0.532,1.000
0.713,0.432,0.308,0.748,1.000
0.517,0.564,0.292,0.564,1.000
0.574,0.303,0.174,0.780,1.000
0.353,0.398,0.141,0.501,1.000
0.651,0.579,0.377,0.238,1.000
0.529,0.388,0.205,0.618,1.000
0.502,0.532,0.267,0.259,1.000
0.605,0.362,0.219,0.787,1.000
0.561,0.545,0.306,0.564,1.000
0.506,0.399,0.202,0.443,1.000
0.700,0.391,0.274,0.482,1.000
0.642,0.358,0.230,0.691,1.000
-0.042,0.453,-0.019,0.515,1.000
0.475,0.433,0.206,0.383,1.000
0.674,0.525,0.354,0.607,1.000
0.646,0.557,0.360,0.371,1.000
0.324,0.373,0.121,0.805,1.000
0.597,0.479,0.286,0.755,1.000
0.359,0.398,0.143,0.635,1.000
0.217,0.373,0.081,0.521,1.000
0.452,0.497,0.225,0.345,1.000
0.438,0.430,0.188,0.521,1.000
0.420,0.647,0.272,0.378,1.000
0.655,0.411,0.269,0.634,1.000
0.279,0.309,0.086,0.555,1.000
0.529,0.334,0.177,0.373,1.000
0.413,0.535,0.221,0.441,1.000
0.506,0.535,0.271,0.377,1.000
0.562,0.405,0.228,0.346,1.000
0.483,0.326,0.158,0.538,1.000
0.574,0.498,0.286,0.807,1.000
0.511,0.389,0.199,0.527,1.000
0.498,0.615,0.306,0.656,1.000
0.814,0.568,0.462,0.359,1.000
0.835,0.618,0.516,0.438,1.000
0.480,0.724,0.347,0.575,1.000
0.264,0.475,0.125,0.654,1.000
0.369,0.615,0.227,0.243,1.000
0.457,0.453,0.207,0.518,1.000
0.351,0.342,0.120,0.489,1.000
0.411,0.654,0.269,0.520,1.000
0.552,0.559,0.308,0.645,1.000
0.307,0.548,0.168,0.349,1.000
0.392,0.526,0.206,0.288,1.000
0.584,0.594,0.347,0.694,1.000
0.552,0.726,0.400,0.455,1.000
0.461,0.417,0.192,0.556,1.000
0.444,0.586,0.260,0.529,1.000
0.573,0.702,0.403,0.509,1.000
0.488,0.720,0.351,0.670,1.000
0.624,0.560,0.349,0.351,1.000
0.457,0.351,0.161,0.304,1.000
0.474,0.545,0.259,0.490,1.000
0.723,0.620,0.448,0.297,1.000
0.540,0.604,0.326,0.535,1.000
0.579,0.383,0.222,0.644,1.000
0.400,0.396,0.159,0.586,1.000
0.268,0.675,0.181,0.402,1.000
0.572,0.254,0.145,0.399,1.000
0.397,0.350,0.139,0.448,1.000
0.407,0.618,0.251,0.584,1.000
0.269,0.543,0.146,0.611,1.000
0.448,0.599,0.268,0.503,1.000
0.640,0.494,0.316,0.295,1.000
0.389,0.441,0.172,0.615,1.000
0.601,0.590,0.354,0.665,1.000
0.434,0.488,0.212,0.281,1.000
0.406,0.569,0.231,0.683,1.000
0.509,0.786,0.400,0.202,1.000
0.467,0.434,0.202,0.431,1.000
0.543,0.407,0.221,0.608,1.000
0.791,0.778,0.615,0.595,1.000
0.506,0.258,0.130,0.400,1.000
0.440,0.379,0.167,0.460,1.000
0.350,0.300,0.105,0.691,1.000
0.398,0.597,0.238,0.506,1.000
0.495,0.648,0.321,0.359,1.000
0.639,0.675,0.432,0.400,1.000
0.439,0.479,0.210,0.794,1.000
0.395,0.586,0.231,0.755,1.000
0.456,0.227,0.104,0.672,1.000
0.529,0.488,0.258,0.472,1.000
0.350,0.467,0.164,0.625,1.000
0.590,0.399,0.235,0.588,1.000
0.469,0.523,0.245,0.718,1.000
0.481,0.655,0.315,0.846,1.000
0.388,0.491,0.190,0.100,1.000
0.390,0.571,0.223,0.358,1.000
0.533,0.411,0.219,0.929,1.000
0.711,0.336,0.239,0.554,1.000
0.397,0.556,0.221,0.388,1.000
0.627,0.411,0.258,0.290,1.000
0.444,0.777,0.345,0.499,1.000
0.419,0.628,0.263,0.663,1.000
0.427,0.489,0.209,0.312,1.000
0.394,0.582,0.229,0.268,1.000
0.330,0.326,0.108,0.294,1.000
0.296,0.556,0.164,0.428,1.000
0.546,0.619,0.338,0.493,1.000
0.456,0.336,0.153,0.711,1.000
0.391,0.474,0.185,0.767,1.000
0.431,0.336,0.145,0.740,1.000
0.615,0.496,0.305,0.331,1.000
0.397,0.460,0.183,0.490,1.000
0.380,0.401,0.152,0.342,1.000
0.432,0.513,0.221,0.353,1.000
0.345,0.571,0.197,0.454,1.000
0.493,0.498,0.246,0.582,1.000
0.317,0.630,0.199,0.604,1.000
0.461,0.722,0.333,0.182,1.000
0.391,0.562,0.220,0.310,1.000
0.734,0.400,0.294,0.506,1.000
0.607,0.566,0.344,0.525,1.000
0.446,0.539,0.240,0.657,1.000
0.445,0.342,0.152,0.245,1.000
0.498,0.601,0.300,0.680,1.000
0.609,0.302,0.184,0.507,1.000
0.336,0.239,0.080,0.577,1.000
0.739,0.293,0.216,0.508,1.000
0.411,0.502,0.207,0.514,1.000
0.463,0.518,0.240,0.240,1.000
0.523,0.304,0.159,0.432,1.000
0.571,0.693,0.395,0.532,1.000
0.309,0.585,0.181,0.630,1.000
0.474,0.589,0.279,0.728,1.000
0.555,0.486,0.270,0.437,1.000
0.370,0.557,0.206,0.444,1.000
0.453,0.627,0.284,0.712,1.000
0.386,0.222,0.086,0.498,1.000
0.508,0.791,0.402,0.364,1.000
0.513,0.336,0.172,0.515,1.000
0.455,0.542,0.247,0.373,1.000
0.394,0.524,0.206,0.488,1.000
0.908,0.317,0.288,0.574,1.000
0.347,0.471,0.163,0.431,1.000
0.675,0.539,0.364,0.632,1.000
0.576,0.419,0.241,0.223,1.000
0.447,0.345,0.154,0.348,1.000
0.444,0.428,0.190,0.331,1.000
0.485,0.653,0.317,0.434,1.000
0.565,0.655,0.370,0.688,1.000
0.459,0.471,0.216,0.371,1.000
0.614,0.329,0.202,0.583,1.000
0.539,0.528,0.285,0.560,1.000
0.359,0.659,0.237,0.427,1.000
0.499,0.655,0.326,0.296,1.000
0.514,0.710,0.365,0.358,1.000
0.590,0.546,0.323,0.654,1.000
0.765,0.728,0.557,0.284,1.000
0.516,0.563,0.291,0.613,1.000
0.570,0.577,0.329,1.026,1.000
0.609,0.246,0.149,0.399,1.000
0.535,0.484,0.259,0.527,1.000
0.508,0.727,0.369,0.248,1.000
0.368,0.578,0.213,0.525,1.000
0.528,0.578,0.305,0.647,1.000
0.312,0.622,0.194,0.575,1.000
0.282,0.762,0.215,0.190,1.000
0.350,0.541,0.189,0.373,1.000
0.467,0.684,0.320,0.352,1.000
0.354,0.519,0.184,0.461,1.000
0.443,0.678,0.301,0.439,1.000
0.560,0.601,0.337,0.401,1.000
0.533,0.504,0.269,0.428,1.000
0.253,0.373,0.094,0.445,1.000
0.491,0.581,0.285,0.439,1.000
0.438,0.525,0.230,0.688,1.000
0.555,0.480,0.266,0.384,1.000
0.526,0.273,0.144,0.722,1.000
0.534,0.379,0.202,0.461,1.000
0.666,0.363,0.242,0.477,1.000
0.495,0.497,0.246,0.456,1.000
0.600,0.345,0.207,0.535,1.000
0.536,0.273,0.146,0.686,1.000
0.377,0.596,0.225,0.517,1.000
0.711,0.665,0.473,0.555,1.000
0.561,0.662,0.371,0.499,1.000
0.388,0.460,0.179,0.576,1.000
0.669,0.708,0.474,0.632,1.000
0.433,0.591,0.256,0.544,1.000
0.389,0.416,0.162,0.306,1.000
0.479,0.454,0.218,0.694,1.000
0.401,0.432,0.173,0.457,1.000
0.516,0.398,0.206,0.331,1.000
0.611,0.412,0.252,0.795,1.000
0.480,0.543,0.261,0.627,1.000
0.329,0.520,0.171,0.600,1.000
0.452,0.600,0.271,0.425,1.000
0.519,0.486,0.252,0.347,1.000
0.420,0.313,0.132,0.646,1.000
0.537,0.530,0.284,0.625,1.000
0.460,0.404,0.186,0.396,1.000
0.563,0.532,0.299,0.421,1.000
0.473,0.378,0.179,0.666,1.000
0.423,0.311,0.132,0.449,1.000
0.729,0.358,0.261,0.617,1.000
0.541,0.539,0.292,0.330,1.000
0.599,0.627,0.376,0.612,1.000
0.644,0.331,0.213,0.414,1.000
0.434,0.649,0.282,0.447,1.000
0.645,0.482,0.311,0.267,1.000
0.432,0.585,0.253,0.472,1.000
0.654,0.516,0.338,0.421,1.000
0.676,0.571,0.386,0.453,1.000
0.696,0.672,0.468,0.386,1.000
0.150,0.693,0.104,0.829,1.000
0.349,0.457,0.160,0.560,1.000
0.193,0.524,0.101,0.337,1.000
0.437,0.840,0.367,0.357,1.000
0.540,0.429,0.231,0.615,1.000
0.591,0.410,0.242,0.337,1.000
0.657,0.628,0.413,0.096,1.000
0.503,0.725,0.365,0.733,1.000
0.730,0.410,0.299,0.594,1.000
0.648,0.619,0.401,0.521,1.000
0.470,0.341,0.160,0.626,1.000
0.371,0.519,0.192,0.203,1.000
0.586,0.661,0.388,0.437,1.000
0.591,0.550,0.325,0.362,1.000
0.457,0.559,0.255,0.403,1.000
0.461,0.485,0.223,0.233,1.000
0.513,0.506,0.260,0.429,1.000
0.504,0.469,0.236,0.723,1.000
0.447,0.609,0.272,0.626,1.000
0.551,0.442,0.244,0.513,1.000
0.316,0.340,0.108,0.575,1.000
0.691,0.597,0.413,0.434,1.000
0.414,0.255,0.105,0.657,1.000
0.604,0.745,0.450,0.543,1.000
0.670,0.587,0.393,0.460,1.000
0.600,0.460,0.276,0.771,1.000
0.415,0.627,0.260,0.316,1.000
0.607,0.522,0.317,0.514,1.000
0.541,0.594,0.321,0.574,1.000
0.284,0.572,0.162,0.707,1.000
0.840,0.345,0.290,0.890,1.000
0.371,0.379,0.141,0.650,1.000
0.503,0.782,0.393,0.369,1.000
0.434,0.589,0.255,0.540,1.000
0.561,0.410,0.230,0.302,1.000
0.592,0.611,0.362,0.208,1.000
0.682,0.486,0.331,0.442,1.000
0.661,0.771,0.509,0.408,1.000
0.515,0.610,0.314,0.449,1.000
0.393,0.618,0.243,0.522,1.000
0.670,0.513,0.344,0.460,1.000
0.461,0.546,0.252,0.642,1.000
0.382,0.459,0.175,0.717,1.000
0.618,0.490,0.303,0.557,1.000
0.332,0.679,0.226,0.591,1.000
0.389,0.787,0.306,0.192,1.000
0.474,0.204,0.097,0.871,1.000
0.356,0.530,0.188,0.181,1.000
0.556,0.214,0.119,0.490,1.000
0.441,0.493,0.217,0.649,1.000
0.520,0.643,0.335,0.749,1.000
0.432,0.356,0.154,0.633,1.000
0.729,0.405,0.295,0.744,1.000
0.456,0.580,0.265,0.397,1.000
0.417,0.331,0.138,0.576,1.000
0.417,0.395,0.165,0.329,1.000
0.723,0.346,0.250,0.349,1.000
0.660,0.747,0.493,0.627,1.000
0.401,0.493,0.198,0.457,1.000
0.470,0.510,0.240,0.091,1.000
0.721,0.483,0.348,0.673,1.000
0.472,0.519,0.245,0.244,1.000
0.722,0.285,0.206,0.576,1.000
0.530,0.348,0.184,0.702,1.000
0.545,0.629,0.343,0.426,1.000
0.410,0.517,0.212,0.586,1.000
0.445,0.362,0.161,0.652,1.000
0.591,0.437,0.258,0.556,1.000
0.533,0.531,0.283,0.793,1.000
0.507,0.859,0.436,0.372,1.000
0.553,0.502,0.278,0.651,1.000
0.532,0.475,0.253,0.316,1.000
0.899,0.464,0.417,0.388,1.000
0.265,0.292,0.078,0.429,1.000
0.625,0.595,0.372,0.402,1.000
0.302,0.403,0.122,0.431,1.000
0.463,0.373,0.173,0.377,1.000
0.546,0.280,0.153,0.693,1.000
0.471,0.370,0.174,0.394,1.000
0.441,0.545,0.240,0.343,1.000
0.137,0.546,0.075,0.705,1.000
0.441,0.616,0.271,0.386,1.000
0.412,0.719,0.296,0.600,1.000
0.468,0.295,0.138,0.616,1.000
0.413,0.560,0.231,0.223,1.000
0.594,0.476,0.283,0.575,1.000
0.276,0.577,0.159,0.329,1.000
0.324,0.484,0.157,0.745,1.000
0.362,0.795,0.288,0.833,1.000
0.400,0.540,0.216,0.208,1.000
0.399,0.513,0.205,0.566,1.000
0.490,0.571,0.280,0.552,1.000
0.347,0.594,0.206,0.835,1.000
0.283,0.445,0.126,0.424,1.000
0.282,0.478,0.135,0.369,1.000
0.395,0.445,0.176,0.313,1.000
0.509,0.544,0.277,0.474,1.000
0.697,0.556,0.388,0.400,1.000
0.340,0.469,0.159,0.599,1.000
0.506,0.472,0.239,0.569,1.000
0.478,0.703,0.336,0.365,1.000
0.422,0.446,0.188,0.263,1.000
0.582,0.743,0.433,0.319,1.000
0.488,0.649,0.317,0.675,1.000
0.595,0.574,0.342,0.651,1.000
0.749,0.323,0.242,0.394,1.000
0.657,0.474,0.312,0.390,1.000
0.363,0.400,0.145,0.417,1.000
0.360,0.476,0.171,0.260,1.000
0.504,0.499,0.252,0.367,1.000
0.668,0.424,0.283,0.655,1.000
0.580,0.547,0.317,0.808,1.000
0.710,0.604,0.429,0.582,1.000
0.239,0.498,0.119,0.275,1.000
0.454,0.572,0.260,0.587,1.000
0.638,0.677,0.432,0.475,1.000
0.566,0.478,0.270,0.340,1.000
0.637,0.533,0.340,0.555,1.000
0.652,0.455,0.297,0.412,1.000
0.454,0.425,0.193,0.486,1.000
0.408,0.758,0.310,0.667,1.000
0.455,0.490,0.223,0.698,1.000
0.409,0.627,0.257,0.652,1.000
0.364,0.530,0.193,0.718,1.000
0.548,0.570,0.312,0.311,1.000
0.319,0.579,0.185,0.416,1.000
0.597,0.363,0.217,0.528,1.000
0.450,0.394,0.177,0.551,1.000
0.464,0.345,0.160,0.657,1.000
0.500,0.417,0.208,0.502,1.000
0.457,0.540,0.247,0.837,1.000
0.258,0.702,0.181,0.493,1.000
0.267,0.463,0.124,0.636,1.000
0.842,0.300,0.253,0.479,1.000
0.384,0.521,0.200,1.049,1.000
0.411,0.289,0.119,0.558,1.000
0.492,0.543,0.267,0.318,1.000
0.516,0.626,0.323,0.449,1.000
0.776,0.546,0.424,0.570,1.000
0.363,0.499,0.181,0.312,1.000
0.476,0.335,0.160,0.608,1.000
0.528,0.610,0.322,0.699,1.000
0.225,0.413,0.093,0.459,1.000
0.451,0.569,0.257,0.297,1.000
0.201,0.508,0.102,0.446,1.000
0.535,0.665,0.356,0.693,1.000
0.511,0.542,0.277,0.357,1.000
0.536,0.458,0.245,0.345,1.000
0.574,0.404,0.232,0.222,1.000
0.297,0.649,0.193,0.547,1.000
0.582,0.651,0.379,0.447,1.000
0.504,0.416,0.210,0.442,1.000
0.516,0.554,0.286,0.606,1.000
0.669,0.585,0.392,0.553,1.000
0.425,0.638,0.271,0.518,1.000
0.568,0.436,0.248,0.737,1.000
0.481,0.461,0.222,0.535,1.000
0.363,0.689,0.250,0.567,1.000
0.596,0.487,0.290,0.623,1.000
0.460,0.419,0.193,0.475,1.000
0.408,0.438,0.179,0.532,1.000
0.444,0.480,0.213,0.585,1.000
0.557,0.539,0.300,0.680,1.000
0.481,0.490,0.235,0.364,1.000
0.455,0.413,0.188,0.187,1.000
0.548,0.625,0.343,0.253,1.000
0.404,0.463,0.187,0.758,1.000
0.501,0.429,0.215,0.372,1.000
0.621,0.576,0.358,0.778,1.000
0.250,0.514,0.128,0.435,1.000
0.410,0.224,0.092,0.688,1.000
0.244,0.486,0.119,0.485,1.000
0.468,0.554,0.259,0.688,1.000
0.422,0.404,0.171,0.437,1.000
0.372,0.395,0.147,0.573,1.000
0.690,0.486,0.335,0.454,1.000
0.496,0.366,0.182,0.574,1.000
0.726,0.445,0.323,0.734,1.000
0.375,0.787,0.295,0.491,1.000
0.472,0.585,0.276,0.418,1.000
0.231,0.371,0.086,0.646,1.000
0.575,0.444,0.255,0.236,1.000
0.500,0.662,0.331,0.564,1.000
0.582,0.654,0.381,0.684,1.000
0.329,0.471,0.155,0.637,1.000
0.745,0.605,0.451,0.536,1.000
0.666,0.398,0.265,0.351,1.000
0.553,0.759,0.420,0.283,1.000
0.491,0.650,0.319,0.541,1.000
0.588,0.391,0.230,0.385,1.000
0.426,0.433,0.184,0.782,1.000
0.480,0.662,0.318,0.618,1.000
0.494,0.458,0.226,0.433,1.000
0.357,0.333,0.119,0.377,1.000
0.435,0.451,0.196,0.589,1.000
0.564,0.417,0.235,0.773,1.000
0.563,0.406,0.228,0.357,1.000
0.660,0.367,0.242,0.538,1.000
0.691,0.651,0.450,0.452,1.000
0.479,0.447,0.214,0.527,1.000
0.651,0.289,0.188,0.593,1.000
0.461,0.240,0.111,0.480,1.000
0.478,0.475,0.227,0.627,1.000
0.573,0.257,0.147,0.193,1.000
0.275,0.606,0.167,0.145,1.000
0.525,0.486,0.255,0.547,1.000
0.423,0.355,0.150,0.655,1.000
0.419,0.511,0.214,0.358,1.000
0.542,0.546,0.296,0.828,1.000
0.342,0.475,0.163,0.392,1.000
0.545,0.494,0.270,0.587,1.000
0.597,0.395,0.236,0.431,1.000
0.620,0.416,0.258,0.458,1.000
0.409,0.205,0.084,0.559,1.000
0.397,0.550,0.219,0.314,1.000
0.465,0.473,0.220,0.478,1.000
0.674,0.373,0.252,0.723,1.000
0.519,0.575,0.298,0.297,1.000
0.397,0.356,0.141,0.811,1.000
0.486,0.612,0.297,0.515,1.000
0.508,0.530,0.269,0.729,1.000
0.377,0.647,0.244,0.688,1.000
0.392,0.428,0.168,0.498,1.000
0.613,0.525,0.322,0.678,1.000
0.447,0.324,0.145,0.533,1.000
0.605,0.500,0.302,0.833,1.000
0.312,0.412,0.128,0.539,1.000
0.438,0.554,0.243,0.488,1.000
0.539,0.541,0.292,0.400,1.000
0.647,0.479,0.310,0.300,1.000
0.565,0.481,0.272,0.683,1.000
0.513,0.327,0.168,0.183,1.000
0.546,0.557,0.304,0.562,1.000
0.560,0.653,0.366,0.803,1.000
0.376,0.559,0.210,0.488,1.000
0.542,0.501,0.272,0.314,1.000
0.558,0.339,0.189,0.599,1.000
0.746,0.618,0.462,0.756,1.000
0.383,0.387,0.148,0.686,1.000
0.367,0.564,0.207,0.316,1.000
0.439,0.743,0.326,0.459,1.000
0.238,0.344,0.082,0.375,1.000
0.296,0.333,0.098,0.476,1.000
0.571,0.408,0.233,0.473,1.000
0.436,0.674,0.294,0.424,1.000
0.556,0.452,0.251,0.489,1.000
0.447,0.645,0.289,0.804,1.000
0.471,0.380,0.179,0.388,1.000
0.567,0.432,0.245,0.772,1.000
0.686,0.699,0.480,0.574,1.000
0.690,0.413,0.285,0.494,1.000
0.561,0.295,0.165,0.630,1.000
0.384,0.471,0.181,0.382,1.000
0.451,0.666,0.300,0.446,1.000
0.534,0.640,0.342,0.569,1.000
0.492,0.402,0.198,0.682,1.000
0.668,0.663,0.443,0.721,1.000
0.417,0.483,0.201,0.487,1.000
0.526,0.364,0.191,0.496,1.000
0.420,0.414,0.174,0.302,1.000
0.708,0.670,0.475,0.557,1.000
0.561,0.424,0.238,0.537,1.000
0.438,0.415,0.182,0.168,1.000
0.506,0.539,0.273,0.242,1.000
0.538,0.149,0.080,0.634,1.000
0.656,0.629,0.413,0.459,1.000
0.483,0.411,0.198,0.365,1.000
0.671,0.470,0.315,0.436,1.000
0.541,0.652,0.353,0.602,1.000
0.616,0.260,0.160,0.431,1.000
0.678,0.605,0.410,0.273,1.000
0.639,0.513,0.327,0.310,1.000
0.559,0.403,0.226,0.448,1.000
0.612,0.168,0.103,0.571,1.000
0.571,0.484,0.276,0.270,1.000
0.371,0.699,0.259,0.575,1.000
0.455,0.359,0.163,0.178,1.000
0.605,0.686,0.415,0.409,1.000
0.711,0.357,0.254,0.416,1.000
0.645,0.466,0.301,0.497,1.000
0.285,0.365,0.104,0.641,1.000
0.674,0.578,0.390,0.489,1.000
0.408,0.546,0.223,0.488,1.000
0.711,0.640,0.455,0.683,1.000
0.334,0.411,0.137,0.646,1.000
0.632,0.482,0.304,0.593,1.000
0.526,0.469,0.246,0.154,1.000
0.620,0.520,0.322,0.554,1.000
0.316,0.395,0.125,0.538,1.000
0.386,0.456,0.176,0.699,1.000
0.521,0.604,0.315,0.866,1.000
0.462,0.656,0.303,0.568,1.000
0.541,0.639,0.346,0.579,1.000
0.439,0.476,0.209,0.462,1.000
0.465,0.310,0.144,0.855,1.000
0.512,0.474,0.242,0.666,1.000
0.646,0.615,0.397,0.799,1.000
0.358,0.341,0.122,0.755,1.000
0.471,0.609,0.287,0.356,1.000
0.845,0.506,0.427,0.355,1.000
0.488,0.646,0.315,0.602,1.000
0.506,0.318,0.161,0.453,1.000
0.484,0.360,0.174,0.614,1.000
0.368,0.443,0.163,0.439,1.000
0.564,0.447,0.252,0.521,1.000
0.379,0.600,0.227,0.767,1.000
0.502,0.506,0.254,0.386,1.000
0.703,0.773,0.544,0.324,1.000
0.374,0.335,0.125,0.540,1.000
0.344,0.759,0.261,0.583,1.000
0.432,0.527,0.228,0.414,1.000
0.615,0.506,0.311,0.843,1.000
0.536,0.458,0.246,0.650,1.000
0.509,0.369,0.188,0.561,1.000
0.516,0.585,0.302,0.411,1.000
0.521,0.657,0.342,0.430,1.000
0.569,0.334,0.190,0.550,1.000
0.701,0.497,0.348,0.019,1.000
0.194,0.571,0.111,0.476,1.000
0.442,0.429,0.190,0.473,1.000
0.335,0.614,0.206,0.418,1.000
0.517,0.473,0.244,0.386,1.000
0.397,0.493,0.196,0.426,1.000
0.525,0.472,0.248,0.544,1.000
0.432,0.463,0.200,0.567,1.000
0.517,0.534,0.277,0.239,1.000
0.571,0.179,0.102,0.402,1.000
0.738,0.543,0.401,0.273,1.000
0.210,0.322,0.068,0.500,1.000
0.479,0.462,0.221,0.395,1.000
0.492,0.423,0.208,0.088,1.000
0.512,0.320,0.164,1.065,1.000
0.616,0.291,0.180,0.628,1.000
0.356,0.319,0.113,0.430,1.000
0.624,0.418,0.261,0.554,1.000
0.411,0.517,0.213,0.094,1.000
0.627,0.425,0.266,0.498,1.000
0.640,0.535,0.342,0.656,1.000
0.692,0.460,0.318,0.225,1.000
0.604,0.405,0.245,0.454,1.000
0.448,0.414,0.186,0.549,1.000
0.512,0.774,0.397,0.737,1.000
0.464,0.562,0.261,0.508,1.000
0.144,0.396,0.057,0.600,1.000
0.507,0.574,0.291,0.715,1.000
0.402,0.224,0.090,0.659,1.000
0.559,0.437,0.244,0.364,1.000
0.475,0.416,0.197,0.752,1.000
0.516,0.540,0.279,0.323,1.000
0.593,0.618,0.366,0.230,1.000
0.466,0.475,0.221,0.326,1.000
0.445,0.341,0.152,0.587,1.000
0.569,0.474,0.269,0.327,1.000
0.723,0.196,0.142,0.448,1.000
0.439,0.530,0.233,0.754,1.000
0.383,0.301,0.115,0.476,1.000
0.457,0.334,0.153,0.608,1.000
0.688,0.376,0.259,0.218,1.000
0.495,0.671,0.332,0.435,1.000
0.437,0.511,0.223,0.270,1.000
0.348,0.542,0.189,0.591,1.000
0.582,0.677,0.394,0.525,1.000
0.372,0.422,0.157,0.598,1.000
0.583,0.674,0.393,0.304,1.000
0.294,0.528,0.155,0.460,1.000
0.412,0.498,0.205,0.498,1.000
0.277,0.467,0.129,0.197,1.000
0.671,0.495,0.332,0.212,1.000
0.768,0.697,0.535,0.491,1.000
0.314,0.825,0.259,0.489,1.000
0.604,0.579,0.350,0.516,1.000
0.290,0.412,0.120,0.558,1.000
0.518,0.795,0.412,0.725,1.000
0.313,0.568,0.178,0.541,1.000
0.473,0.587,0.278,0.654,1.000
0.368,0.348,0.128,0.303,1.000
0.395,0.663,0.262,0.646,1.000
0.629,0.279,0.175,0.195,1.000
0.706,0.501,0.354,0.702,1.000
0.697,0.569,0.396,0.633,1.000
0.479,0.439,0.210,0.505,1.000
0.532,0.597,0.318,0.882,1.000
0.456,0.359,0.164,0.190,1.000
0.560,0.397,0.222,0.434,1.000
0.346,0.904,0.313,0.323,1.000
0.534,0.439,0.234,0.452,1.000
0.574,0.468,0.269,0.713,1.000
0.644,0.553,0.356,0.525,1.000
0.591,0.338,0.200,0.295,1.000
0.366,0.613,0.224,0.715,1.000
0.452,0.411,0.186,0.736,1.000
0.513,0.550,0.282,0.445,1.000
0.397,0.388,0.154,0.820,1.000
0.467,0.467,0.218,0.575,1.000
0.475,0.575,0.273,0.750,1.000
0.425,0.558,0.237,0.344,1.000
0.888,0.587,0.521,0.395,1.000
0.446,0.582,0.260,0.553,1.000
0.777,0.414,0.321,-0.141,1.000
0.512,0.914,0.468,0.387,1.000
0.654,0.399,0.261,0.147,1.000
0.610,0.545,0.332,0.278,1.000
0.374,0.535,0.200,0.448,1.000
0.411,0.216,0.089,0.709,1.000
0.542,0.534,0.290,0.757,1.000
0.509,0.623,0.317,0.209,1.000
0.518,0.641,0.332,0.354,1.000
0.640,0.531,0.340,0.510,1.000
0.497,0.397,0.197,0.235,1.000
0.255,0.348,0.089,0.575,1.000
0.596,0.497,0.296,0.470,1.000
0.430,0.420,0.181,0.612,1.000
0.507,0.414,0.210,0.455,1.000
0.430,0.542,0.233,0.382,1.000
0.449,0.280,0.126,0.557,1.000
0.535,0.309,0.165,0.513,1.000
0.451,0.481,0.217,0.364,1.000
0.743,0.640,0.475,0.543,1.000
0.419,0.636,0.266,0.436,1.000
0.622,0.495,0.308,0.356,1.000
0.447,0.617,0.276,0.489,1.000
0.710,0.249,0.176,0.478,1.000
0.507,0.756,0.383,0.642,1.000
0.535,0.290,0.155,0.559,1.000
0.612,0.373,0.228,0.353,1.000
0.701,0.648,0.454,0.496,1.000
0.192,0.604,0.116,0.678,1.000
0.595,0.331,0.197,0.297,1.000
0.466,0.834,0.389,0.248,1.000
0.624,0.312,0.195,0.810,1.000
0.559,0.403,0.225,0.409,1.000
0.596,0.435,0.259,0.453,1.000
0.455,0.571,0.260,0.215,1.000
0.600,0.398,0.239,0.290,1.000
0.760,0.488,0.371,0.378,1.000
0.687,0.580,0.398,0.535,1.000
0.515,0.334,0.172,0.472,1.000
0.497,0.476,0.236,0.567,1.000
0.480,0.414,0.199,0.357,1.000
0.533,0.532,0.284,0.526,1.000
0.440,0.591,0.260,0.454,1.000
0.593,0.813,0.482,0.598,1.000
0.528,0.309,0.163,0.257,1.000
0.398,0.619,0.246,0.206,1.000
0.627,0.517,0.325,0.365,1.000
0.573,0.338,0.194,0.418,1.000
0.265,0.834,0.221,0.467,1.000
0.326,0.366,0.119,0.701,1.000
0.445,0.440,0.196,0.688,1.000
0.583,0.464,0.270,0.441,1.000
0.345,0.475,0.164,0.667,1.000
0.516,0.444,0.229,0.245,1.000
